Datum;Erster;Hoch;Tief;Schlusskurs;Stuecke;Volumen
2019-08-14;4,69;4,72;4,69;4,72;3;14
2019-08-13;4,73;4,74;4,73;4,74;13;61
2019-08-12;4,68;4,72;4,68;4,72;2.030;9.500
2019-08-09;4,69;4,72;4,69;4,72;102;478
2019-08-08;4,66;4,70;4,61;4,70;9.843;45.767
2019-08-07;4,66;4,72;4,64;4,72;6.983;32.557
2019-08-06;4,68;4,72;4,65;4,72;12.035;56.383
2019-08-05;4,75;4,75;4,68;4,72;3.296;15.487
2019-08-02;4,79;4,79;4,78;4,78;2.313;11.059
2019-08-01;4,84;4,84;4,84;4,84;2;10
2019-07-31;4,74;4,79;4,74;4,79;170;806
2019-07-30;4,79;4,79;4,79;4,79;0;0
2019-07-29;4,70;4,80;4,70;4,76;210;1.002
2019-07-26;4,81;4,84;4,72;4,76;2.198;10.571
2019-07-25;4,78;4,82;4,70;4,82;6.910;32.801
2019-07-24;4,81;4,81;4,81;4,81;0;0
2019-07-23;4,74;4,77;4,74;4,77;100;474
2019-07-22;4,74;4,77;4,74;4,77;100;474
2019-07-19;4,74;4,77;4,74;4,77;4;19
2019-07-18;4,75;4,81;4,75;4,80;2.238;10.751
2019-07-17;4,81;4,81;4,81;4,81;0;0
2019-07-16;4,76;4,82;4,76;4,82;1.718;8.237
2019-07-15;4,80;4,84;4,80;4,81;3.129;15.118
2019-07-12;4,75;4,78;4,75;4,78;688;3.268
2019-07-11;4,78;4,78;4,75;4,78;4.372;20.797
2019-07-10;4,78;4,79;4,78;4,79;500;2.390
2019-07-09;4,79;4,80;4,79;4,80;2.000;9.580
2019-07-08;4,65;4,67;4,65;4,67;90;419
2019-07-05;4,80;4,80;4,69;4,70;232;1.091
2019-07-04;4,80;4,80;4,75;4,75;2.000;9.600
2019-07-03;4,76;4,76;4,70;4,76;307;1.458
2019-07-02;4,64;4,73;4,64;4,71;2.686;12.666
2019-07-01;4,64;4,64;4,59;4,62;950;4.386
2019-06-28;4,70;4,70;4,64;4,69;6.325;29.590
2019-06-27;4,80;4,80;4,50;4,65;25.745;120.509
2019-06-26;4,85;4,86;4,85;4,85;698;3.387
2019-06-25;4,82;4,97;4,82;4,90;31;150
2019-06-24;4,81;4,87;4,81;4,87;1.008;4.860
2019-06-21;4,91;4,91;4,87;4,87;2;10
2019-06-20;4,76;4,97;4,76;4,97;23.060;112.615
2019-06-19;4,86;4,91;4,79;4,84;18.059;88.088
2019-06-18;4,90;4,91;4,86;4,91;1.105;5.414
2019-06-17;4,74;4,82;4,70;4,80;24.532;116.098
2019-06-14;4,70;4,78;4,69;4,78;7.259;34.282
2019-06-13;4,79;4,79;4,72;4,75;507;2.423
2019-06-12;4,84;4,96;4,80;4,82;1.064;5.192
2019-06-11;4,88844;4,88844;4,87866;4,88844;1.215;5.931
2019-06-07;4,98621;5,06442;4,84933;4,87866;10.282;50.962
2019-06-06;4,83955;5,06442;4,83955;4,9471;15.681;77.755
2019-06-05;4,79067;4,9471;4,79067;4,82978;18.378;89.141
2019-06-04;4,74178;4,79067;4,65379;4,6929;2.877;13.654
2019-06-03;4,68312;4,74178;4,65379;4,6929;21.693;102.313
2019-05-31;4,75156;4,75156;4,60491;4,62446;8.199;38.516
2019-05-30;4,6929;4,6929;4,63424;4,6929;1.534;7.170
2019-05-29;4,64402;4,6929;4,58535;4,64402;6.380;29.512
2019-05-28;4,68312;4,6929;4,62446;4,6929;1.099;5.142
2019-05-27;4,64402;4,66357;4,59513;4,63424;4.064;18.858
2019-05-24;4,59513;4,71245;4,59513;4,70268;2.654;12.442
2019-05-23;4,59513;4,66357;4,59513;4,64402;2.142;9.869
2019-05-22;4,65379;4,65379;4,59513;4,63424;1.056;4.911
2019-05-21;4,70268;4,71245;4,59513;4,61469;3.093;14.413
2019-05-20;4,59513;4,65379;4,59513;4,65379;7.166;33.218
2019-05-17;4,59513;4,66357;4,59513;4,63424;3.530;16.408
2019-05-16;4,62446;4,64402;4,60491;4,60491;2.148;9.925
2019-05-15;4,62446;4,62446;4,51692;4,5658;3.140;14.375
2019-05-14;4,50714;4,5658;4,50714;4,5658;7.633;34.695
2019-05-13;4,5658;4,59513;4,52669;4,55602;3.311;15.110
2019-05-10;4,63424;4,63424;4,62446;4,62446;3.072;14.229
2019-05-09;4,53647;4,59513;4,53647;4,58535;117;535
2019-05-08;4,52669;4,55602;4,52669;4,55602;1.979;8.959
2019-05-07;4,57558;4,57558;4,52669;4,5658;87;395
2019-05-06;4,62446;4,62446;4,53647;4,53647;3.048;13.899
2019-05-03;4,52669;4,5658;4,51692;4,5658;1.297;5.879
2019-05-02;4,55602;4,5658;4,52669;4,5658;8.823;40.117
2019-04-30;4,55602;4,58535;4,55602;4,58535;10;47
2019-04-29;4,58535;4,58535;4,54625;4,57558;250;1.135
2019-04-26;4,66357;4,66357;4,62446;4,62446;5.076;23.581
2019-04-25;4,67335;4,67335;4,67335;4,67335;0;0
2019-04-24;4,60491;4,67335;4,60491;4,67335;4.898;22.692
2019-04-23;4,60491;4,62446;4,59513;4,62446;2.230;10.257
2019-04-18;4,68312;4,68312;4,62446;4,65379;19;91
2019-04-17;4,59513;4,64402;4,59513;4,62446;996;4.578
2019-04-16;4,61469;4,67335;4,61469;4,65379;3.549;16.502
2019-04-15;4,59513;4,59513;4,54625;4,57558;2.855;13.096
2019-04-12;4,66357;4,66357;4,64402;4,64402;1.637;7.632
2019-04-11;4,65379;4,68312;4,64402;4,65379;910;4.248
2019-04-10;4,58535;4,68312;4,58535;4,64402;6.492;30.287
2019-04-09;4,61469;4,64402;4,60491;4,60491;2.264;10.456
2019-04-08;4,59513;4,64402;4,59513;4,64402;5.970;27.683
2019-04-05;4,6929;4,6929;4,54625;4,5658;7.745;35.520
2019-04-04;4,72223;4,72223;4,60491;4,63424;2.256;10.509
2019-04-03;4,54625;4,68312;4,54625;4,68312;5.188;24.012
2019-04-02;4,55602;4,58535;4,53647;4,57558;6.793;31.026
2019-04-01;4,58535;4,58535;4,52669;4,5658;133;607
2019-03-29;4,5658;4,5658;4,53647;4,5658;6.750;30.679
2019-03-28;4,52181;4,55602;4,52181;4,55602;1.426;6.447
2019-03-27;4,55602;4,55602;4,55602;4,55602;0;0
2019-03-26;4,51203;4,55114;4,51203;4,55114;6;28
2019-03-25;4,57069;4,60491;4,52669;4,57069;2.956;13.410
2019-03-22;4,51203;4,66357;4,51203;4,63424;1.477;6.696
2019-03-21;4,45826;4,50714;4,45826;4,49247;3.924;17.495
2019-03-20;4,47781;4,52669;4,47781;4,51203;3.136;14.055
2019-03-19;4,52669;4,52669;4,41915;4,47781;335;1.497
2019-03-18;4,42892;4,52669;4,42892;4,52669;5.421;24.041
2019-03-15;4,4387;4,49736;4,4387;4,49736;1.527;6.857
2019-03-14;4,48759;4,48759;4,48759;4,48759;0;0
2019-03-13;4,49247;4,49247;4,4387;4,47292;7.730;34.506
2019-03-12;4,44848;4,57558;4,44848;4,51203;3.456;15.642
2019-03-11;4,54136;4,54136;4,45337;4,49736;3.059;13.724
2019-03-08;4,53158;4,53647;4,50714;4,50714;113;510
2019-03-07;4,49247;4,49736;4,44359;4,46803;18.947;84.931
2019-03-06;4,53158;4,53158;4,45826;4,49247;71;317
2019-03-05;4,45826;4,46803;4,4387;4,46803;2.762;12.268
2019-03-04;4,45826;4,49736;4,45826;4,49736;7.219;32.263
2019-03-01;4,5658;4,5658;4,50225;4,51203;363;1.655
2019-02-28;4,59513;4,59513;4,47292;4,50714;3.079;13.807
2019-02-27;4,38982;4,57069;4,38982;4,53158;12.312;54.783
2019-02-26;4,39471;4,42892;4,38004;4,39471;3.989;17.504
2019-02-25;4,41915;4,41915;4,38982;4,40448;5.889;25.909
2019-02-22;4,46314;4,46314;4,39959;4,43381;11.011;48.835
2019-02-21;4,49736;4,54136;4,45826;4,49247;4.306;19.459
2019-02-20;4,49736;4,49736;4,45826;4,47781;1.407;6.277
2019-02-19;4,47292;4,51692;4,47292;4,50714;738;3.322
2019-02-18;4,47781;4,47781;4,40937;4,40937;17.339;76.979
2019-02-15;4,49736;4,50714;4,49736;4,50714;1.023;4.600
2019-02-14;4,49736;4,50714;4,47781;4,50714;3.547;15.915
2019-02-13;4,5658;4,5658;4,49736;4,51692;3.682;16.591
2019-02-12;4,50714;4,50714;4,49736;4,50225;6.185;27.829
2019-02-11;4,49736;4,53158;4,49736;4,53158;248;1.113
2019-02-08;4,50225;4,50714;4,49736;4,50714;17.679;79.517
2019-02-07;4,54625;4,54625;4,51692;4,54625;706;3.202
2019-02-06;4,61957;4,62446;4,54625;4,54625;3.690;16.892
2019-02-05;4,62446;4,62446;4,59513;4,59513;2.701;12.487
2019-02-04;4,59513;4,65868;4,59513;4,64402;268;1.247
2019-02-01;4,67335;4,67335;4,56091;4,57558;2.946;13.661
2019-01-31;4,59513;4,6098;4,59513;4,6098;5.226;24.044
2019-01-30;4,59513;4,59513;4,52181;4,5658;20.115;91.217
2019-01-29;4,52669;4,58535;4,49736;4,58535;9.961;44.941
2019-01-28;4,52669;4,52669;4,4827;4,4827;297;1.343
2019-01-25;4,57069;4,57069;4,47781;4,51692;5.892;26.495
2019-01-24;4,45826;4,59513;4,44848;4,50714;18.425;82.697
2019-01-23;4,49736;4,49736;4,44848;4,47781;3.807;16.968
2019-01-22;4,44359;4,48759;4,4387;4,4387;9.284;41.290
2019-01-21;4,38493;4,47781;4,38493;4,45337;1.795;7.960
2019-01-18;4,52669;4,55602;4,42892;4,44848;5.523;24.831
2019-01-17;4,48759;4,59513;4,48759;4,58535;10.234;46.470
2019-01-16;4,47781;4,54136;4,47781;4,51203;3.391;15.188
2019-01-15;4,47292;4,4827;4,47292;4,4827;720;3.221
2019-01-14;4,49736;4,53158;4,49736;4,53158;1.023;4.600
2019-01-11;4,44848;4,50714;4,44848;4,45826;1.838;8.185
2019-01-10;4,37026;4,45826;4,34582;4,43381;8.860;39.033
2019-01-09;4,45826;4,45826;4,42892;4,42892;8;36
2019-01-08;4,35071;4,46803;4,35071;4,39959;64.975;282.909
2019-01-07;4,35071;4,35071;4,33604;4,33604;21.585;93.905
2019-01-04;4,19428;4,30183;4,19428;4,28716;11.921;50.703
2019-01-03;4,07207;4,24316;4,07207;4,13073;38.026;157.555
2019-01-02;4,10629;4,16984;4,10629;4,14051;802;3.307
2018-12-28;4,24316;4,25783;4,11118;4,11118;8.237;34.819
2018-12-27;4,27738;4,27738;4,24316;4,27738;502;2.132
2018-12-21;4,29205;4,33604;4,29205;4,33604;254;1.091
2018-12-20;4,41915;4,41915;4,3116;4,35071;3.462;15.093
2018-12-19;4,30671;4,39471;4,30671;4,36538;9.249;40.152
2018-12-18;4,28716;4,32138;4,24316;4,24316;11.446;48.918
2018-12-17;4,38004;4,4827;4,32138;4,34582;20.302;88.589
2018-12-14;4,28227;4,43381;4,26761;4,43381;14.471;62.634
2018-12-13;4,29205;4,29205;4,2285;4,26272;1.330;5.486
2018-12-12;4,29205;4,29205;4,2285;4,29205;3.247;13.802
2018-12-11;4,16984;4,29205;4,16984;4,26272;40.874;170.789
2018-12-10;4,1845;4,21383;4,15028;4,20895;7.671;32.245
2018-12-07;4,23828;4,24316;4,18939;4,20895;9.799;41.551
2018-12-06;4,19917;4,22361;4,17961;4,19428;35.103;148.671
2018-12-05;4,19428;4,20406;4,1454;4,1845;4.559;18.935
2018-12-04;4,17961;4,18939;4,17961;4,18939;1.140;4.767
2018-12-03;4,17473;4,20406;4,1454;4,18939;11.743;52.758
2018-11-30;4,12584;4,16984;4,11606;4,11606;6.776;28.045
2018-11-29;4,11118;4,11118;4,11118;4,11118;0;0
2018-11-28;4,09162;4,10629;4,08673;4,10629;11.749;48.108
2018-11-27;4,09162;4,10629;4,00852;4,09162;51.586;209.713
2018-11-26;3,9743;4,14051;3,9743;4,11606;5.905;24.169
2018-11-23;4,03785;4,03785;4,03785;4,03785;6;25
2018-11-22;4,01341;4,03785;4,01341;4,03785;91;365
2018-11-21;4,00852;4,05252;3,96452;4,02807;4.990;19.938
2018-11-20;4,03296;4,06718;4,03296;4,06718;4.137;16.686
2018-11-19;4,10629;4,13562;4,03296;4,03296;5.111;20.959
2018-11-16;4,12584;4,18939;4,12584;4,16984;4.378;18.234
2018-11-15;4,15517;4,22361;4,15517;4,16495;5.435;22.780
2018-11-14;4,15028;4,17473;4,12584;4,17473;19.767;82.096
2018-11-13;4,15028;4,15028;4,09651;4,14051;10.413;42.952
2018-11-12;4,02318;4,15028;4,02318;4,15028;56.093;231.055
2018-11-09;4,0183;4,08673;4,0183;4,08673;32.028;129.036
2018-11-08;3,99385;4,00852;3,99385;4,00852;3.553;14.191
2018-11-07;3,95475;4,02318;3,93519;4,02318;5.966;23.735
2018-11-06;3,92053;3,93519;3,91075;3,93519;1.940;7.596
2018-11-05;3,98408;3,98408;3,92542;3,94497;1.555;6.121
2018-11-02;3,88631;4,02318;3,83742;4,02318;22.274;87.536
2018-11-01;3,83742;3,88631;3,83742;3,86187;6.043;23.330
2018-10-31;3,83742;3,86187;3,83742;3,83742;1.045;4.012
2018-10-30;3,84231;3,8472;3,83254;3,8472;19.887;76.329
2018-10-29;3,8032;3,86187;3,8032;3,84231;34.227;131.014
2018-10-26;3,73966;3,74454;3,73966;3,74454;7.160;26.775
2018-10-25;3,74943;3,78365;3,73966;3,78365;5.677;21.354
2018-10-24;3,74943;3,7641;3,73966;3,74943;9.528;35.717
2018-10-23;3,77387;3,81298;3,77387;3,77387;2.710;10.285
2018-10-22;3,8032;3,82276;3,78365;3,82276;11.925;45.232
2018-10-19;3,81298;3,90586;3,79343;3,81298;34.054;130.388
2018-10-18;3,81787;3,85698;3,79343;3,81298;9.862;37.621
2018-10-17;3,71521;3,81298;3,71521;3,79832;9.977;37.743
2018-10-16;3,69566;3,79832;3,69566;3,74943;40.929;151.874
2018-10-15;3,71521;3,7201;3,71521;3,7201;2.354;8.744
2018-10-12;3,71521;3,71521;3,69566;3,71521;14.295;52.985
2018-10-11;3,7641;3,7641;3,71521;3,72988;36.298;136.387
2018-10-10;3,7641;3,80809;3,7641;3,7641;15.721;59.361
2018-10-09;3,76899;3,79343;3,76899;3,77876;5.747;21.669
2018-10-08;3,82276;3,82276;3,76899;3,78365;5.986;22.744
2018-10-05;3,82276;3,83254;3,81298;3,83254;3.723;14.233
2018-10-04;3,82276;3,83254;3,82276;3,83254;1.342;5.130
2018-10-02;3,82765;3,88142;3,82276;3,83254;7.231;27.689
2018-10-01;3,78854;3,82276;3,78365;3,81298;11.322;42.990
2018-09-28;3,88142;3,88142;3,78854;3,81298;11.135;42.563
2018-09-27;3,86187;3,90586;3,81298;3,83742;9.818;37.739
2018-09-26;3,81298;3,87653;3,81298;3,86187;8.140;31.227
2018-09-25;3,81787;3,81787;3,81787;3,81787;1;4
2018-09-24;3,77876;3,87164;3,77876;3,84231;31.944;122.161
2018-09-21;3,96452;3,98408;3,7641;3,7641;83.873;316.329
2018-09-20;3,89609;3,94497;3,89609;3,91075;1.112;4.336
2018-09-19;3,9303;3,9303;3,8912;3,8912;4.893;19.232
2018-09-18;3,93519;3,93519;3,92053;3,92053;7.243;28.459
2018-09-17;3,96452;3,96452;3,9303;3,93519;3.920;15.412
2018-09-14;3,94497;3,94497;3,92542;3,94008;1.617;6.376
2018-09-13;3,9303;3,94497;3,9303;3,9303;8.421;33.105
2018-09-12;3,90097;3,92542;3,89609;3,92542;2.305;9.025
2018-09-11;3,94986;3,95963;3,89609;3,95963;8.451;33.374
2018-09-10;3,94986;3,96941;3,94986;3,95475;608;2.406
2018-09-07;3,94008;3,94008;3,94008;3,94008;1;4
2018-09-06;3,93519;3,96941;3,93519;3,95475;12.743;50.296
2018-09-05;3,94497;3,94497;3,88142;3,88631;5.862;22.974
2018-09-04;3,92542;3,96452;3,90586;3,94008;7.585;29.710
2018-09-03;3,9303;3,94986;3,92542;3,94986;5.556;21.854
2018-08-31;3,8912;3,92542;3,8912;3,92542;6.651;25.955
2018-08-30;3,9303;3,9303;3,90586;3,90586;370;1.449
2018-08-29;3,91075;3,94986;3,90586;3,9303;2.118;8.287
2018-08-28;3,87164;3,90586;3,87164;3,8912;897;3.502
2018-08-27;3,89609;3,91075;3,66633;3,91075;45.320;174.372
2018-08-24;3,91564;3,91564;3,87164;3,89609;9.494;36.944
2018-08-23;3,91564;3,94008;3,91564;3,94008;18;72
2018-08-22;3,8912;3,92542;3,8912;3,92542;110;430
2018-08-21;3,89609;3,9303;3,89609;3,9303;286;1.116
2018-08-20;3,92053;3,92053;3,8912;3,91075;23.848;93.289
2018-08-17;3,96452;4,02318;3,95963;3,97919;1.708;6.832
2018-08-16;3,95963;3,96452;3,9303;3,96452;2.690;10.617
2018-08-15;4,00852;4,00852;3,95963;3,95963;8.147;32.444
2018-08-14;3,87653;4,01341;3,87653;3,97919;45.477;179.887
2018-08-13;3,81298;3,88142;3,81298;3,84231;8.698;33.458
2018-08-10;3,71521;3,85698;3,71521;3,81787;8.779;33.277
2018-08-09;3,73477;3,76899;3,65655;3,76899;14.521;53.818
2018-08-08;3,76899;3,78365;3,73477;3,75921;12.694;47.735
2018-08-07;3,94008;3,94008;3,75921;3,77876;20.737;79.328
2018-08-06;3,99874;4,04763;3,93519;3,9743;6.273;25.073
2018-08-03;3,95963;4,0574;3,95963;4,0574;8.229;32.626
2018-08-02;3,98408;3,98408;3,98408;3,98408;0;0
2018-08-01;3,95475;3,9743;3,95475;3,9743;13;53
2018-07-31;3,99874;4,0574;3,99874;4,0574;80;319
2018-07-30;4,0574;4,06718;4,02807;4,0574;6.137;24.896
2018-07-27;4,00852;4,10629;3,99874;4,06229;15.510;63.145
2018-07-26;4,02807;4,08673;3,98897;4,02807;5.388;21.752
2018-07-25;3,96941;4,0574;3,95475;4,03785;20.175;80.369
2018-07-24;3,94986;3,94986;3,94986;3,94986;0;0
2018-07-23;3,92053;3,95963;3,92053;3,95963;8.739;34.298
2018-07-20;3,98897;3,98897;3,88631;3,9303;827;3.268
2018-07-19;3,87164;3,92542;3,86187;3,92542;3.177;12.281
2018-07-18;3,9303;3,9303;3,9303;3,9303;0;0
2018-07-17;3,9303;3,9303;3,9303;3,9303;0;0
2018-07-16;3,89609;3,91075;3,89609;3,91075;4;16
2018-07-13;3,93519;3,95963;3,93519;3,95963;1.378;5.424
2018-07-12;3,86187;3,99874;3,86187;3,99874;8.880;34.310
2018-07-11;3,87164;3,8912;3,86187;3,87653;5.570;21.528
2018-07-10;3,89364;3,89364;3,89364;3,89364;0;0
2018-07-09;3,88631;3,92053;3,88631;3,92053;7;28
2018-07-06;3,87653;3,92542;3,87653;3,92542;311;1.213
2018-07-05;3,86187;4,0574;3,86187;3,87164;18.379;73.205
2018-07-04;3,86187;3,89609;3,86187;3,86187;723;2.812
2018-07-03;3,86187;3,86187;3,86187;3,86187;519;2.003
2018-07-02;3,97919;3,97919;3,88142;3,88142;348;1.365
2018-06-29;3,94986;3,94986;3,88631;3,88631;834;3.292
2018-06-28;3,86187;3,98897;3,86187;3,92542;8.633;34.203
2018-06-27;3,90097;3,96941;3,86675;3,86675;6.446;25.148
2018-06-26;3,88142;3,88142;3,83742;3,87164;4.215;16.356
2018-06-25;3,83742;3,88142;3,83254;3,85209;4.256;16.350
2018-06-22;3,86187;3,8912;3,83254;3,85209;4.293;16.548
2018-06-21;4,00852;4,00852;3,84231;3,8912;29.541;115.717
2018-06-20;4,00852;4,07207;4,00852;4,00852;12.218;49.205
2018-06-19;4,02807;4,03785;4,00852;4,00852;7.997;32.084
2018-06-18;4,03296;4,03296;4,02807;4,02807;1.304;5.253
2018-06-15;4,00852;4,04763;4,00852;4,03296;17.680;71.306
2018-06-14;4,08673;4,11118;4,00852;4,04763;3.370;13.573
2018-06-13;4,02807;4,02807;3,98897;4,02807;3.118;12.455
2018-06-12;3,99874;4,12584;3,99874;4,04763;6.474;26.223
2018-06-11;4,12584;4,15028;4,08673;4,09162;3.029;12.447
2018-06-08;4,04763;4,08185;4,04763;4,06718;8.730;35.416
2018-06-07;4,15517;4,16984;4,05252;4,05252;13.614;55.772
2018-06-06;4,11606;4,23828;4,11606;4,15517;7.684;31.902
2018-06-05;4,15517;4,19917;4,13562;4,13562;2.239;9.302
2018-06-04;4,1014;4,1014;4,09651;4,09651;2.199;9.018
2018-06-01;4,17473;4,25294;4,11606;4,15517;17.666;74.305
2018-05-31;4,12584;4,17473;4,08673;4,11118;14.039;58.056
2018-05-30;4,1014;4,13562;4,02807;4,06718;8.536;34.662
2018-05-29;4,04763;4,14051;4,02807;4,09162;12.285;49.628
2018-05-28;4,20406;4,20406;4,10629;4,10629;3.174;13.231
2018-05-25;4,22361;4,25294;4,17473;4,17473;12.657;53.534
2018-05-24;4,12584;4,29694;4,12095;4,23339;27.002;112.721
2018-05-23;4,14051;4,1454;4,11118;4,14051;5.030;20.718
2018-05-22;4,12095;4,16984;4,1014;4,1454;5.344;22.015
2018-05-18;4,11606;4,15028;4,11606;4,13562;980;4.054
2018-05-17;4,1454;4,15028;4,1454;4,15028;2.025;8.395
2018-05-16;4,18939;4,18939;4,09651;4,1454;623;2.554
2018-05-15;4,19917;4,19917;4,09651;4,13073;5.900;24.251
2018-05-14;4,17961;4,23828;4,17961;4,20406;108;454
2018-05-11;4,12584;4,23828;4,12584;4,23828;1.733;7.234
2018-05-10;4,15517;4,17473;4,15517;4,17473;511;2.129
2018-05-09;4,12095;4,17961;4,12095;4,1454;1.837;7.574
2018-05-08;4,1014;4,15028;4,05252;4,11606;15.296;62.647
2018-05-07;4,1014;4,11606;4,04274;4,10629;28.245;115.783
2018-05-04;4,02807;4,18939;4,02807;4,10629;14.869;61.115
2018-05-03;4,04763;4,0574;4,00852;4,02807;7.655;30.954
2018-05-02;4,08673;4,16984;4,00852;4,00852;5.778;23.661
2018-04-30;4,02807;4,04274;3,99874;4,02807;18.659;75.119
2018-04-27;3,99874;3,99874;3,96941;3,96941;4.991;19.915
2018-04-26;3,94497;3,98897;3,94497;3,95963;3.649;14.436
2018-04-25;3,94986;3,95475;3,91075;3,9303;18.271;71.983
2018-04-24;3,96941;4,03296;3,95963;3,95963;780;3.101
2018-04-23;4,03785;4,03785;3,96941;3,96941;5.420;21.565
2018-04-20;3,91564;4,0183;3,91564;3,98408;8.439;33.794
2018-04-19;3,99385;4,00852;3,92542;3,93519;13.934;55.653
2018-04-18;3,9743;4,00852;3,96452;3,96452;5.274;20.931
2018-04-17;3,97919;4,0183;3,91075;3,91075;15.710;62.509
2018-04-16;3,88631;4,00363;3,88631;3,94986;22.506;88.270
2018-04-13;3,83742;3,91075;3,83742;3,87164;104.478;405.254
2018-04-12;3,81787;3,84231;3,81298;3,84231;19.859;76.146
2018-04-11;3,84231;3,86675;3,82276;3,82276;24.638;94.371
2018-04-10;3,82765;3,8912;3,82276;3,8472;36.916;142.444
2018-04-09;3,83254;3,87653;3,82276;3,82276;32.441;124.533
2018-04-06;3,84231;3,87164;3,83254;3,83742;6.520;25.094
2018-04-05;3,83742;3,88142;3,83254;3,88142;62.008;240.179
2018-04-04;3,84231;3,85698;3,83254;3,85698;4.810;18.484
2018-04-03;3,82765;3,85209;3,82276;3,85209;10.163;38.972
2018-03-29;3,82276;3,82765;3,82276;3,82765;3.868;14.788
2018-03-28;3,81787;3,88142;3,81298;3,85698;22.471;86.333
2018-03-27;3,81787;3,82765;3,81787;3,82765;1.590;6.080
2018-03-26;3,85209;3,8912;3,85209;3,85209;25.497;98.960
2018-03-23;3,81298;3,88142;3,81298;3,86187;10.111;38.799
2018-03-22;3,77387;3,83742;3,77387;3,82765;3.246;12.417
2018-03-21;3,81787;3,88142;3,76899;3,83254;15.201;58.535
2018-03-20;3,79832;3,88142;3,79832;3,85209;91.224;350.760
2018-03-19;3,76899;3,81298;3,74454;3,76899;46.047;174.412
2018-03-16;3,79343;3,81298;3,7641;3,77387;28.525;108.271
2018-03-15;3,77876;3,80809;3,76899;3,77876;8.619;32.609
2018-03-14;3,78854;3,80809;3,76899;3,77387;9.162;34.619
2018-03-13;3,82276;3,82765;3,78365;3,82276;13.299;50.593
2018-03-12;3,82276;3,85698;3,80809;3,83254;47.531;181.571
2018-03-09;3,82276;3,83742;3,81298;3,82765;67.458;258.437
2018-03-08;3,81298;3,85209;3,8032;3,8472;13.891;53.168
2018-03-07;3,74454;3,80809;3,74454;3,78365;27.052;102.549
2018-03-06;3,72499;3,77876;3,71521;3,74943;8.667;32.502
2018-03-05;3,73477;3,7641;3,71521;3,7641;9.332;35.059
2018-03-02;3,7641;3,77387;3,71521;3,73477;16.600;62.310
2018-03-01;3,77387;3,79343;3,73477;3,7641;8.618;32.430
2018-02-28;3,81298;3,81298;3,75432;3,77876;33.565;126.675
2018-02-27;3,82276;3,8472;3,79343;3,82765;13.623;52.078
2018-02-26;3,81298;3,86187;3,73477;3,83742;39.965;152.503
2018-02-23;3,78854;3,82276;3,78365;3,82276;3.497;13.273
2018-02-22;3,7641;3,78854;3,72499;3,74454;31.696;118.771
2018-02-21;3,7641;3,77387;3,72499;3,75921;17.910;67.213
2018-02-20;3,7201;3,78854;3,7201;3,78365;16.368;61.477
2018-02-19;3,70055;3,77387;3,70055;3,7201;12.199;45.270
2018-02-16;3,74454;3,74454;3,70055;3,7201;9.572;35.664
2018-02-15;3,77876;3,77876;3,68588;3,71521;24.677;92.136
2018-02-14;3,77876;3,77876;3,73477;3,74943;17.835;66.948
2018-02-13;3,70544;3,74454;3,70544;3,72988;22.642;84.607
2018-02-12;3,67611;3,71521;3,66633;3,70544;3.874;14.271
2018-02-09;3,60278;3,70544;3,60278;3,65655;23.127;84.604
2018-02-08;3,66633;3,71521;3,57345;3,57345;63.448;232.722
2018-02-07;3,65655;3,78365;3,65166;3,65655;31.647;117.488
2018-02-06;3,62722;3,67611;3,51968;3,61744;44.801;161.577
2018-02-05;3,82765;3,82765;3,7201;3,78365;7.804;29.390
2018-02-02;3,8032;3,84231;3,8032;3,84231;2.300;8.769
2018-02-01;3,84231;3,88631;3,79343;3,81787;10.088;38.986
2018-01-31;3,8032;3,82276;3,7641;3,77876;6.752;25.463
2018-01-30;3,83254;3,86187;3,77387;3,81298;15.377;58.848
2018-01-29;3,9303;3,9303;3,84231;3,84231;16.432;63.864
2018-01-26;3,82276;3,94986;3,82276;3,94986;69.597;270.272
2018-01-25;3,85698;3,87653;3,8032;3,81298;8.553;32.799
2018-01-24;3,86187;3,88631;3,8032;3,8472;21.324;81.834
2018-01-23;3,87164;3,90586;3,82765;3,90097;27.079;104.867
2018-01-22;3,81298;3,88631;3,79343;3,88631;32.456;124.441
2018-01-19;3,86675;3,89609;3,7641;3,86187;57.665;222.454
2018-01-18;3,87164;3,87164;3,84231;3,84231;8.495;32.723
2018-01-17;3,8472;3,86675;3,82765;3,86675;20.628;79.391
2018-01-16;3,8032;3,85698;3,79832;3,8472;15.721;60.179
2018-01-15;3,82765;3,82765;3,79343;3,8032;3.123;11.882
2018-01-12;3,79343;3,81787;3,79343;3,8032;17.104;65.200
2018-01-11;3,74943;3,83254;3,74943;3,81298;9.560;36.270
2018-01-10;3,74943;3,86675;3,74943;3,78854;28.128;107.468
2018-01-09;3,73966;3,83254;3,71521;3,78854;33.767;127.830
2018-01-08;3,73477;3,88142;3,73477;3,76899;50.384;192.228
2018-01-05;3,74454;3,75432;3,74454;3,74454;13.759;51.541
2018-01-04;3,73966;3,74943;3,71521;3,74943;4.522;16.910
2018-01-03;3,7641;3,77387;3,73477;3,75432;13.102;49.200
2018-01-02;3,74454;3,7641;3,68099;3,7641;35.784;133.169
2017-12-29;3,69566;3,78365;3,69566;3,78365;69.276;259.898
2017-12-28;3,73966;3,7641;3,69566;3,74454;41.188;153.612
2017-12-27;3,70641;3,73966;3,69664;3,71619;7.647;28.397
2017-12-22;3,70935;3,7641;3,70935;3,76019;77.073;288.602
2017-12-21;3,69273;3,71619;3,67219;3,71619;120.591;447.038
2017-12-20;3,6849;3,71521;3,66633;3,71521;56.701;209.454
2017-12-19;3,68784;3,69273;3,65753;3,68588;11.767;43.283
2017-12-18;3,58811;3,70055;3,58811;3,67611;77.759;285.576
2017-12-15;3,66633;3,66633;3,59496;3,60962;661.190;2.386.248
2017-12-14;3,63211;3,637;3,59887;3,60473;101.354;366.717
2017-12-13;3,67611;3,69566;3,61744;3,61744;55.644;202.407
2017-12-12;3,67415;3,67611;3,64189;3,67611;23.495;86.004
2017-12-11;3,67219;3,67611;3,64189;3,67611;35.579;130.352
2017-12-08;3,69566;3,69566;3,637;3,68588;25.788;94.391
2017-12-07;3,67513;3,69566;3,64384;3,69566;20.870;76.667
2017-12-06;3,65655;3,68295;3,637;3,67904;68.378;250.591
2017-12-05;3,66633;3,66633;3,60767;3,66633;85.442;310.635
2017-12-04;3,58225;3,65557;3,5754;3,65362;22.050;79.892
2017-12-01;3,54021;3,66535;3,54021;3,63211;54.847;198.246
2017-11-30;3,55878;3,637;3,53923;3,53923;84.600;303.057
2017-11-29;3,61256;3,61451;3,55878;3,55878;20.328;73.057
2017-11-28;3,637;3,637;3,55878;3,61744;9.413;34.040
2017-11-27;3,637;3,637;3,60669;3,62233;17.147;62.269
2017-11-24;3,56758;3,63211;3,55976;3,63211;5.486;19.763
2017-11-23;3,55683;3,637;3,55683;3,59789;7.947;28.549
2017-11-22;3,60278;3,60278;3,54901;3,57834;10.310;36.787
2017-11-21;3,52065;3,61744;3,52065;3,61744;16.574;59.257
2017-11-20;3,65557;3,65557;3,54998;3,54998;21.933;78.863
2017-11-17;3,60473;3,66633;3,58811;3,66633;12.206;44.160
2017-11-16;3,6194;3,64286;3,55292;3,62429;86.601;311.930
2017-11-15;3,63211;3,65655;3,52945;3,65655;68.001;244.187
2017-11-14;3,637;3,7025;3,63602;3,65655;25.024;91.504
2017-11-13;3,71424;3,71521;3,6546;3,67806;13.698;50.371
2017-11-10;3,7377;3,7377;3,66633;3,71521;87.462;323.372
2017-11-09;3,69859;3,81298;3,69664;3,73477;123.420;462.093
2017-11-08;3,66731;3,70837;3,66633;3,67415;29.285;107.630
2017-11-07;3,71228;3,73477;3,70837;3,73477;70.141;261.159
2017-11-06;3,65655;3,71521;3,62527;3,68588;103.787;381.571
2017-11-03;3,68393;3,69566;3,65655;3,66633;24.899;91.400
2017-11-02;3,66731;3,69566;3,62624;3,68588;82.061;301.900
2017-11-01;3,64482;3,66633;3,58811;3,66633;45.607;165.622
2017-10-30;3,67611;3,70544;3,52945;3,5842;49.062;179.014
2017-10-27;3,593;3,70641;3,57931;3,69468;130.949;478.854
2017-10-26;3,56563;3,60767;3,54021;3,60767;123.181;442.263
2017-10-25;3,56172;3,58811;3,5363;3,56856;147.322;524.064
2017-10-24;3,52847;3,59789;3,52261;3,56465;100.254;356.506
2017-10-23;3,5187;3,55389;3,48057;3,55389;114.106;403.089
2017-10-20;3,59789;3,59789;3,45417;3,54216;175.301;616.429
2017-10-19;3,57247;3,5754;3,51968;3,53923;134.329;476.114
2017-10-18;3,53923;3,61744;3,48057;3,61744;306.541;1.084.036
2017-10-17;3,46297;3,53825;3,44146;3,53825;96.318;336.824
2017-10-16;3,41311;3,47568;3,41311;3,46981;224.934;774.762
2017-10-13;3,39746;3,43559;3,34369;3,43559;186.982;635.773
2017-10-12;3,36031;3,40724;3,36031;3,3828;83.502;282.814
2017-10-11;3,40235;3,41311;3,37498;3,4092;43.776;148.758
2017-10-10;3,42191;3,42191;3,30458;3,36325;1.578.627;5.313.977
2017-10-09;3,37302;3,42582;3,36422;3,40235;138.480;469.869
2017-10-06;3,40724;3,43951;3,37987;3,41213;131.655;449.528
2017-10-05;3,44635;3,45124;3,30458;3,40724;268.037;906.677
2017-10-04;3,44733;3,47079;3,4268;3,43071;181.705;625.797
2017-10-02;3,49132;3,5187;3,43657;3,44635;272.728;944.508
2017-09-29;3,27525;3,57345;3,27525;3,55781;490.987;1.709.046
2017-09-28;3,28503;3,29481;3,27623;3,27623;68.371;224.374
2017-09-27;3,32414;3,32414;3,28503;3,2909;103.887;342.839
2017-09-26;3,25668;3,32414;3,2557;3,32414;258.874;850.306
2017-09-25;3,23712;3,26548;3,23028;3,26548;193.896;630.591
2017-09-22;3,20877;3,25277;3,20877;3,24592;253.716;821.611
2017-09-21;3,22539;3,24495;3,20779;3,23615;244.923;791.427
2017-09-20;3,20682;3,22539;3,19019;3,22539;159.642;512.723
2017-09-19;3,20682;3,21659;3,19019;3,20682;188.266;603.154
2017-09-18;3,17748;3,22148;3,17748;3,20682;302.454;968.618
2017-09-15;3,18531;3,20193;3,17748;3,18433;932.649;2.973.653
2017-09-14;3,15598;3,18726;3,15598;3,18726;396.477;1.258.952
2017-09-13;3,1286;3,16771;3,11882;3,16282;344.595;1.087.811
2017-09-12;3,14229;3,16575;3,12958;3,15793;154.384;486.840
2017-09-11;3,12958;3,16869;3,12958;3,15793;323.986;1.022.750
2017-09-08;3,1198;3,16771;3,11882;3,16771;135.238;424.243
2017-09-07;3,11882;3,13838;3,11198;3,13838;186.651;583.151
2017-09-06;3,0934;3,12958;3,0934;3,12958;95.898;298.959
2017-09-05;3,10318;3,1286;3,06212;3,11882;209.251;651.615
2017-09-04;3,09731;3,13349;3,09731;3,12273;218.175;681.314
2017-09-01;3,15793;3,16673;3,13251;3,15109;217.454;685.962
2017-08-31;3,11002;3,15793;3,11002;3,15793;295.716;927.517
2017-08-30;3,10905;3,13642;3,10123;3,12567;214.189;668.792
2017-08-29;3,10905;3,12078;3,09047;3,11882;140.015;435.442
2017-08-28;3,12371;3,12371;3,09731;3,111;71.629;222.948
2017-08-25;3,12665;3,1286;3,11394;3,12371;116.152;362.263
2017-08-24;3,1286;3,13349;3,11491;3,13349;129.473;404.667
2017-08-23;3,1374;3,1462;3,11687;3,1286;240.123;751.061
2017-08-22;3,1286;3,1374;3,11394;3,11394;126.610;395.683
2017-08-21;3,14815;3,14815;3,11002;3,1286;92.733;290.236
2017-08-18;3,16673;3,16673;3,12958;3,15793;191.744;603.191
2017-08-17;3,1286;3,16575;3,1286;3,15793;57.492;181.079
2017-08-16;3,16184;3,16673;3,14522;3,15402;79.544;251.336
2017-08-15;3,13935;3,17748;3,10807;3,1286;91.666;287.944
2017-08-14;3,12371;3,18726;3,10905;3,13642;244.158;769.033
2017-08-11;3,17748;3,17748;3,07874;3,1286;234.563;726.970
2017-08-10;3,17748;3,18628;3,15891;3,17162;96.524;306.496
2017-08-09;3,18726;3,19704;3,16966;3,17846;226.217;721.152
2017-08-08;3,17748;3,20095;3,16771;3,19215;388.876;1.237.542
2017-08-07;3,14718;3,19508;3,14718;3,19508;151.696;481.122
2017-08-04;3,16966;3,19704;3,16771;3,18726;210.787;671.033
2017-08-03;3,18335;3,18335;3,15598;3,18237;233.028;740.230
2017-08-02;3,14327;3,18824;3,13838;3,18824;660.162;2.091.040
2017-08-01;3,10905;3,14327;3,10709;3,14229;259.792;812.644
2017-07-31;3,09243;3,1286;3,09243;3,11882;209.507;652.956
2017-07-28;3,1286;3,1286;3,09731;3,1286;151.872;474.138
2017-07-27;3,10416;3,14718;3,1022;3,14718;298.475;935.270
2017-07-26;3,13056;3,13838;3,1022;3,11198;169.060;527.471
2017-07-25;3,13349;3,14327;3,12665;3,13838;218.910;686.234
2017-07-24;3,07874;3,14815;3,06505;3,12273;361.329;1.128.320
2017-07-21;3,13838;3,14131;3,12371;3,13838;175.872;551.070
2017-07-20;3,12371;3,155;3,11882;3,14131;305.747;959.228
2017-07-19;3,06798;3,12958;3,06798;3,12176;306.976;957.170
2017-07-18;3,0631;3,11198;3,05039;3,10514;290.171;899.479
2017-07-17;3,03865;3,10709;3,03083;3,08167;497.441;1.535.028
2017-07-14;3,03083;3,06994;3,03083;3,05136;403.197;1.229.574
2017-07-13;3,00346;3,05039;3,00346;3,03083;293.040;890.150
2017-07-12;3,01323;3,06212;2,99172;3,01323;443.322;1.344.188
2017-07-11;3,02301;3,03474;3,0015;3,00248;131.389;395.868
2017-07-10;2,98684;3,04061;2,98684;3,03963;318.050;961.151
2017-07-07;2,98292;3,02692;2,95164;3,02105;226.166;674.813
2017-07-06;3,02008;3,02985;2,98488;2,99075;167.808;503.716
2017-07-05;3,02985;3,04061;2,96924;3,03083;194.387;585.917
2017-07-04;2,98347;3,0081;2,974;2,99673;161.048;481.267
2017-07-03;2,96453;3,00905;2,95506;2,98537;223.272;667.740
2017-06-30;2,9759;3,00715;2,96453;3,00715;233.138;696.679
2017-06-29;2,97211;2,99579;2,96453;2,98347;391.828;1.168.175
2017-06-28;2,96453;2,99863;2,96453;2,9759;288.178;858.613
2017-06-27;3,01189;3,03936;2,94938;2,98726;358.914;1.069.169
2017-06-26;3,01189;3,03083;3,00715;3,01378;143.143;431.963
2017-06-23;3,01189;3,03462;3,0081;3,0261;137.912;416.336
2017-06-22;3,02988;3,03841;2,99673;3,00999;283.018;853.544
2017-06-21;3,05262;3,05925;3,01284;3,02136;357.297;1.084.670
2017-06-20;3,04977;3,06777;3,04125;3,06682;252.877;773.151
2017-06-19;3,05925;3,06777;3,03083;3,05925;109.194;332.882
2017-06-16;3,06209;3,06777;3,03746;3,05925;295.896;904.800
2017-06-15;3,05925;3,06777;3,04125;3,05072;99.936;305.206
2017-06-14;3,03746;3,06872;3,03746;3,06777;204.989;628.045
2017-06-13;3,03367;3,06777;3,02894;3,03557;199.968;609.255
2017-06-12;3,05451;3,05735;3,01189;3,04314;212.918;646.913
2017-06-09;3,05356;3,06777;3,04504;3,06777;55.884;170.905
2017-06-08;3,03367;3,07819;3,02231;3,06019;360.341;1.102.645
2017-06-07;3,04977;3,07535;3,02136;3,02136;237.016;722.208
2017-06-06;3,04977;3,07819;3,03936;3,0583;365.115;1.118.670
2017-06-02;3,02136;3,07535;3,01473;3,07535;335.028;1.020.767
2017-06-01;3,02136;3,03083;3,01378;3,02988;147.159;445.033
2017-05-31;3,01378;3,03083;3,00431;3,02515;329.793;996.713
2017-05-30;3,00715;3,03083;2,99768;3,01947;190.445;574.118
2017-05-29;3,0261;3,04125;3,00336;3,01568;138.940;419.809
2017-05-26;3,01284;3,04693;3,01284;3,02136;342.285;1.036.276
2017-05-25;2,99484;3,02799;2,99389;3,01568;176.622;532.355
2017-05-24;2,98347;3,02894;2,9759;3,02041;787.003;2.369.969
2017-05-23;3,00052;3,01189;2,97969;2,98347;213.630;638.765
2017-05-22;2,96074;3,02136;2,94843;2,99768;367.109;1.095.991
2017-05-19;2,96453;2,992;2,95506;2,96453;355.974;1.057.426
2017-05-18;2,99295;3,01189;2,95033;2,96548;644.393;1.919.637
2017-05-17;3,00242;3,02136;2,99295;2,99295;487.812;1.467.538
2017-05-16;3,03083;3,06114;2,94843;3,02799;1.349.997;4.071.213
2017-05-15;3,07819;3,11229;3,03083;3,08766;625.349;1.926.059
2017-05-12;3,0583;3,13407;3,02231;3,11607;1.788.047;5.523.661
2017-05-11;3,05925;3,12081;2,96453;3,07061;1.867.155;5.686.632
2017-05-10;3,04504;3,33297;3,0422;3,31497;3.547.279;11.535.473
2017-05-09;3,07345;3,07345;3,03083;3,0403;205.881;628.222
2017-05-08;3,04599;3,06966;3,00431;3,06966;322.712;982.479
2017-05-05;2,95601;3,04788;2,82246;3,04788;1.117.685;3.293.595
2017-05-04;3,04788;3,04788;2,95601;2,96074;590.239;1.753.037
2017-05-03;3,05925;3,06588;3,00242;3,0422;331.250;1.004.205
2017-05-02;3,03746;3,06872;2,95222;3,05925;437.957;1.323.156
2017-04-28;2,98916;3,05925;2,98632;3,03462;1.082.514;3.279.659
2017-04-27;2,95506;2,98347;2,94654;2,96453;322.634;956.326
2017-04-26;2,96927;2,98253;2,95506;2,97211;412.343;1.223.281
2017-04-25;2,98158;2,99105;2,95127;2,97116;200.167;593.767
2017-04-24;2,9901;2,99673;2,94843;2,97779;583.444;1.729.339
2017-04-21;2,98916;2,98916;2,94559;2,96737;224.209;666.192
2017-04-20;2,97874;2,99295;2,96453;2,974;166.278;494.830
2017-04-19;2,99295;3,00147;2,98253;2,99105;188.635;564.577
2017-04-18;2,98347;2,99768;2,94938;2,98726;339.885;1.012.200
2017-04-13;2,98347;2,98347;2,95506;2,98253;138.069;409.624
2017-04-12;2,95033;2,98347;2,95033;2,974;132.553;393.661
2017-04-11;2,96453;2,9759;2,93612;2,95317;171.130;505.728
2017-04-10;2,99768;2,99768;2,96832;2,97874;245.839;732.355
2017-04-07;2,96453;3,00242;2,93801;2,9901;355.164;1.055.611
2017-04-06;2,90676;2,9598;2,89823;2,94748;259.818;762.622
2017-04-05;2,88308;2,93517;2,88308;2,9096;186.561;543.527
2017-04-04;2,88876;2,93612;2,88876;2,93612;332.383;968.188
2017-04-03;2,9077;2,91528;2,89823;2,91433;140.668;408.821
2017-03-31;2,86982;2,9077;2,8414;2,89823;388.045;1.116.242
2017-03-30;2,84425;2,86887;2,8272;2,86887;237.506;678.376
2017-03-29;2,84993;2,85561;2,81773;2,84425;213.185;604.558
2017-03-28;2,86792;2,86982;2,81962;2,86698;230.082;656.015
2017-03-27;2,8272;2,86982;2,8272;2,84709;328.326;937.158
2017-03-24;2,8594;2,8594;2,8272;2,8414;304.295;864.885
2017-03-23;2,84614;2,87171;2,81488;2,86035;211.958;606.552
2017-03-22;2,8414;2,88876;2,81394;2,83288;358.973;1.022.416
2017-03-21;2,8414;2,87929;2,76753;2,85561;326.117;927.642
2017-03-20;2,83288;2,84046;2,81867;2,83193;329.014;931.809
2017-03-17;2,79405;2,8272;2,78363;2,8272;261.537;736.443
2017-03-16;2,79405;2,82057;2,78458;2,79973;154.910;434.429
2017-03-15;2,80636;2,8111;2,76563;2,78742;137.423;382.761
2017-03-14;2,80257;2,83193;2,78837;2,79689;158.518;444.318
2017-03-13;2,80352;2,81773;2,78647;2,78647;202.777;567.586
2017-03-10;2,79405;2,81204;2,77984;2,78552;82.866;231.401
2017-03-09;2,78458;2,8111;2,76279;2,79405;210.979;588.675
2017-03-08;2,79405;2,81204;2,78079;2,80636;106.503;298.001
2017-03-07;2,82246;2,82909;2,78837;2,8092;106.892;299.966
2017-03-06;2,80068;2,81299;2,75995;2,79784;319.741;892.163
2017-03-03;2,74669;2,795;2,73911;2,795;354.760;985.045
2017-03-02;2,71828;2,78931;2,71828;2,76563;282.799;780.968
2017-03-01;2,77511;2,77511;2,71922;2,71922;233.243;639.311
2017-02-28;2,75806;2,77795;2,74006;2,77511;334.880;925.564
2017-02-27;2,70407;2,75711;2,69365;2,74101;382.018;1.041.906
2017-02-24;2,68892;2,71165;2,64819;2,69555;524.158;1.408.062
2017-02-23;2,62356;2,67187;2,62356;2,65198;193.148;511.843
2017-02-22;2,65955;2,6624;2,62641;2,62641;158.502;419.606
2017-02-21;2,65198;2,66903;2,64345;2,65671;92.033;244.675
2017-02-20;2,65198;2,68797;2,63966;2,65387;146.088;388.311
2017-02-17;2,68039;2,68039;2,63209;2,65198;203.539;539.749
2017-02-16;2,69744;2,69744;2,63682;2,69176;222.435;593.002
2017-02-15;2,68986;2,69649;2,64251;2,69649;256.367;686.868
2017-02-14;2,60652;2,68702;2,60083;2,68702;401.356;1.058.880
2017-02-13;2,61409;2,62925;2,60367;2,61409;170.696;446.798
2017-02-10;2,62262;2,62356;2,58947;2,59515;346.181;903.813
2017-02-09;2,60557;2,62262;2,57621;2,61788;267.837;696.332
2017-02-08;2,61599;2,62356;2,58568;2,62356;222.261;579.822
2017-02-07;2,62262;2,62356;2,60083;2,60557;168.067;438.699
2017-02-06;2,61409;2,61504;2,58094;2,60462;164.527;427.464
2017-02-03;2,5942;2,61883;2,58473;2,61693;188.213;489.161
2017-02-02;2,5942;2,61409;2,58568;2,60462;245.916;638.853
2017-02-01;2,61599;2,61599;2,59041;2,60557;195.306;507.714
2017-01-31;2,61409;2,62167;2,58663;2,61125;106.627;277.852
2017-01-30;2,60462;2,61409;2,58852;2,60652;87.459;227.713
2017-01-27;2,57621;2,60462;2,56674;2,60462;174.005;450.595
2017-01-26;2,6103;2,61409;2,57621;2,57715;103.900;269.107
2017-01-25;2,59989;2,61409;2,59515;2,60462;99.957;260.173
2017-01-24;2,61409;2,61409;2,57621;2,57905;188.582;490.145
2017-01-23;2,65198;2,66145;2,60462;2,61409;174.169;457.123
2017-01-20;2,64251;2,65671;2,62546;2,64251;110.919;293.434
2017-01-19;2,63398;2,66524;2,61883;2,64156;163.159;431.333
2017-01-18;2,60746;2,62546;2,54969;2,62356;189.353;490.071
2017-01-17;2,58663;2,62546;2,57621;2,58852;176.013;457.043
2017-01-16;2,65671;2,65671;2,58;2,58;224.816;584.684
2017-01-13;2,60652;2,63303;2,60652;2,63303;97.317;255.601
2017-01-12;2,64724;2,67092;2,61315;2,63303;239.523;632.619
2017-01-11;2,62356;2,67471;2,60841;2,66997;362.722;960.595
2017-01-10;2,63303;2,68323;2,61409;2,65292;396.729;1.048.848
2017-01-09;2,64061;2,65198;2,60462;2,61788;302.782;796.437
2017-01-06;2,60462;2,64156;2,58473;2,62451;227.269;595.563
2017-01-05;2,58378;2,60746;2,56389;2,57715;412.320;1.067.793
2017-01-04;2,562;2,57526;2,55726;2,55726;158.396;405.572
2017-01-03;2,62356;2,65198;2,54779;2,57621;526.495;1.365.777
2017-01-02;2,48149;2,60367;2,47865;2,59704;415.188;1.046.690
2016-12-30;2,46255;2,48149;2,46255;2,47202;224.862;556.199
2016-12-29;2,44361;2,47202;2,44361;2,45876;290.120;714.236
2016-12-28;2,42467;2,46255;2,42467;2,45308;192.212;471.341
2016-12-27;2,45119;2,46255;2,42277;2,46255;127.984;313.231
2016-12-23;2,3953;2,45119;2,3953;2,44361;298.933;727.054
2016-12-22;2,39815;2,43414;2,39152;2,41898;237.868;574.161
2016-12-21;2,38394;2,43793;2,36405;2,43793;290.536;695.652
2016-12-20;2,37731;2,40572;2,34889;2,37541;466.716;1.106.439
2016-12-19;2,40193;2,42467;2,3631;2,36689;238.982;570.908
2016-12-16;2,39625;2,43319;2,33753;2,40762;666.438;1.588.164
2016-12-15;2,42467;2,42656;2,39625;2,40004;252.559;606.898
2016-12-14;2,40099;2,45308;2,3972;2,41614;340.826;825.537
2016-12-13;2,44834;2,46255;2,39815;2,43982;266.232;645.743
2016-12-12;2,46255;2,46255;2,42561;2,44456;123.103;301.165
2016-12-09;2,41993;2,46255;2,41993;2,46255;241.085;590.125
2016-12-08;2,41519;2,46255;2,41519;2,41614;262.766;639.701
2016-12-07;2,47676;2,47676;2,43414;2,47013;185.928;457.631
2016-12-06;2,35837;2,47676;2,35837;2,43414;624.863;1.522.184
2016-12-05;2,39815;2,40478;2,3631;2,37636;149.864;356.345
2016-12-02;2,37731;2,41046;2,37731;2,38394;247.363;591.891
2016-12-01;2,42467;2,45403;2,38204;2,38204;236.448;568.547
2016-11-30;2,47202;2,47202;2,43319;2,43319;299.117;731.351
2016-11-29;2,45876;2,48907;2,43319;2,4474;364.719;898.309
2016-11-28;2,50044;2,50044;2,44456;2,46066;145.651;359.219
2016-11-25;2,49949;2,50044;2,4294;2,48149;310.644;766.637
2016-11-24;2,46255;2,52317;2,4616;2,52317;312.790;778.725
2016-11-23;2,44361;2,52033;2,4294;2,45403;441.441;1.088.399
2016-11-22;2,43414;2,44361;2,41425;2,44171;161.012;391.948
2016-11-21;2,38678;2,43319;2,37826;2,41898;176.292;424.686
2016-11-18;2,41804;2,4294;2,36784;2,37826;186.942;446.271
2016-11-17;2,42656;2,45119;2,39246;2,43035;203.367;492.498
2016-11-16;2,44077;2,44361;2,40383;2,41993;165.404;400.103
2016-11-15;2,38867;2,42467;2,35837;2,40856;497.221;1.190.470
2016-11-14;2,49949;2,49949;2,2826;2,3792;1.081.830;2.545.043
2016-11-11;2,45876;2,50422;2,41519;2,47013;540.121;1.330.717
2016-11-10;2,47202;2,50044;2,3792;2,41993;645.359;1.560.609
2016-11-09;2,44361;2,51275;2,43414;2,48244;252.358;624.246
2016-11-08;2,54306;2,56105;2,49191;2,49191;276.953;699.131
2016-11-07;2,47392;2,54211;2,46255;2,52696;249.458;623.331
2016-11-04;2,46255;2,51654;2,44361;2,45687;141.846;348.559
2016-11-03;2,50896;2,52885;2,43414;2,45782;389.243;961.147
2016-11-02;2,47392;2,56105;2,47392;2,54116;219.139;556.744
2016-11-01;2,5459;2,56389;2,43698;2,50044;648.897;1.619.697
2016-10-31;2,55158;2,57621;2,53927;2,54969;169.829;433.929
2016-10-28;2,59989;2,59989;2,54874;2,55726;232.775;597.236
2016-10-27;2,6444;2,66524;2,56768;2,59326;310.123;808.278
2016-10-26;2,70881;2,71922;2,63777;2,67092;206.771;551.086
2016-10-25;2,6927;2,71922;2,68607;2,70881;140.330;379.392
2016-10-24;2,70123;2,72775;2,66429;2,68039;158.818;427.379
2016-10-21;2,66997;2,68039;2,65292;2,66997;117.174;313.087
2016-10-20;2,68986;2,72207;2,65671;2,65671;163.935;441.365
2016-10-19;2,64251;2,70407;2,63777;2,68986;144.364;386.340
2016-10-18;2,60936;2,67092;2,60936;2,63777;207.466;548.837
2016-10-17;2,66713;2,67092;2,6122;2,61409;215.868;570.002
2016-10-14;2,69649;2,70881;2,63682;2,63682;230.650;612.331
2016-10-13;2,65198;2,69555;2,61125;2,69555;489.169;1.299.731
2016-10-12;2,65103;2,66808;2,61504;2,65198;194.130;515.391
2016-10-11;2,59515;2,6766;2,53832;2,65387;639.514;1.669.129
2016-10-10;2,68039;2,69176;2,62356;2,64251;431.098;1.142.295
2016-10-07;2,69744;2,69744;2,64724;2,69555;358.637;955.904
2016-10-06;2,79689;2,80257;2,64156;2,75143;735.205;1.987.681
2016-10-05;2,8414;2,8414;2,75616;2,79215;468.720;1.308.175
2016-10-04;2,8414;2,86698;2,77511;2,85466;355.740;1.002.452
2016-09-30;2,79405;2,8414;2,75616;2,8111;366.851;1.026.476
2016-09-29;2,85088;2,85656;2,75616;2,83572;530.899;1.490.081
2016-09-28;2,87171;2,89634;2,82814;2,86792;298.010;852.040
2016-09-27;2,88876;2,90676;2,84235;2,84803;265.547;762.028
2016-09-26;2,87929;2,8935;2,8594;2,88024;145.150;417.620
2016-09-23;2,86982;2,89634;2,85277;2,89634;216.940;623.430
2016-09-22;2,9077;2,9077;2,86982;2,87929;160.458;463.189
2016-09-21;2,88876;2,91718;2,86603;2,9077;176.519;510.736
2016-09-20;2,88403;2,91055;2,87929;2,88876;160.661;464.829
2016-09-19;2,89066;2,91055;2,86035;2,90486;191.321;552.471
2016-09-16;2,88876;2,9437;2,86698;2,9437;1.453.731;4.273.224
2016-09-15;2,84425;2,96737;2,84425;2,93422;291.557;849.698
2016-09-14;2,85561;2,88876;2,85088;2,86603;247.547;711.453
2016-09-13;2,86603;2,92665;2,85561;2,86035;399.747;1.153.957
2016-09-12;2,88497;2,88876;2,86508;2,87077;245.776;707.181
2016-09-09;2,92665;2,9418;2,8755;2,90676;284.293;826.657
2016-09-08;2,91244;2,96737;2,91244;2,93612;329.936;970.704
2016-09-07;2,90013;2,93517;2,87077;2,9077;434.838;1.263.029
2016-09-06;2,96453;2,96453;2,90013;2,91244;966.730;2.831.226
2016-09-05;3,01852;3,02894;2,99484;2,99673;136.930;412.012
2016-09-02;2,99295;3,03083;2,96927;3,01189;203.725;613.118
2016-09-01;3,02894;3,03841;2,96737;2,96737;203.571;613.106
2016-08-31;3,01189;3,0403;2,99295;3,02041;329.469;993.617
2016-08-30;2,974;3,00621;2,93517;3,00621;259.757;774.180
2016-08-29;2,89444;2,97306;2,89444;2,95506;145.592;428.399
2016-08-26;2,87266;2,93422;2,86982;2,88876;243.287;705.872
2016-08-25;2,88876;2,92665;2,86603;2,90202;212.334;614.554
2016-08-24;2,91718;2,92665;2,86508;2,86887;360.401;1.039.973
2016-08-23;3,00526;3,01473;2,91907;2,92665;194.485;574.844
2016-08-22;2,93991;3,03083;2,93612;2,99295;377.625;1.128.676
2016-08-19;2,94654;2,95033;2,92665;2,93138;202.738;595.981
2016-08-18;2,9437;2,94654;2,92381;2,94654;194.888;572.980
2016-08-17;2,95222;2,95601;2,91718;2,94275;308.448;906.596
2016-08-16;2,95317;2,96169;2,93707;2,94559;208.396;614.969
2016-08-15;2,93612;2,95885;2,93612;2,95506;65.084;192.045
2016-08-12;2,94464;2,98347;2,93612;2,93801;153.066;450.925
2016-08-11;2,9096;2,95317;2,9096;2,94559;146.914;430.592
2016-08-10;2,92191;2,93612;2,90865;2,92759;141.747;414.166
2016-08-09;2,92949;2,95506;2,9257;2,94559;246.856;726.826
2016-08-08;2,94559;2,9598;2,91149;2,93517;235.973;694.888
2016-08-05;2,93612;2,95317;2,91812;2,93517;148.049;434.264
2016-08-04;2,93612;2,93612;2,9077;2,93422;80.114;234.460
2016-08-03;2,9077;2,93612;2,8755;2,93612;183.883;535.226
2016-08-02;2,93612;2,93612;2,87929;2,89823;344.083;998.746
2016-08-01;2,92854;2,94559;2,91718;2,92759;147.319;431.314
2016-07-29;2,96359;2,98537;2,91907;2,93422;239.185;703.084
2016-07-28;2,96453;2,98916;2,94843;2,96548;103.916;308.533
2016-07-27;2,99295;2,99295;2,89918;2,98253;563.110;1.658.029
2016-07-26;3,06398;3,06872;2,974;2,99295;202.825;607.763
2016-07-25;3,07251;3,07251;2,99863;3,01662;265.699;804.260
2016-07-22;3,03273;3,08198;3,03273;3,04977;104.807;320.268
2016-07-21;3,07914;3,08577;3,04599;3,0744;269.543;826.337
2016-07-20;3,09713;3,11986;3,04977;3,11986;211.965;656.426
2016-07-19;3,05925;3,10376;3,03178;3,10187;215.077;660.728
2016-07-18;3,06966;3,06966;3,00242;3,05925;256.302;777.724
2016-07-15;3,01189;3,07819;2,99389;3,02325;202.407;612.216
2016-07-14;3,04977;3,05451;3,01757;3,01757;190.300;577.358
2016-07-13;3,04125;3,0583;3,01189;3,03936;225.068;682.834
2016-07-12;3,0403;3,07724;3,02041;3,03083;215.209;656.484
2016-07-11;3,0403;3,08766;2,99579;3,0403;421.148;1.280.431
2016-07-08;2,98347;3,0261;2,94559;3,02515;195.799;585.735
2016-07-07;3,0261;3,03083;2,96359;2,9901;248.450;743.575
2016-07-06;3,02136;3,05735;2,98726;2,98726;126.701;381.514
2016-07-05;3,04977;3,06777;3,0261;3,03083;155.811;473.775
2016-07-04;3,12555;3,13028;3,03083;3,07819;215.371;664.194
2016-07-01;3,10471;3,12555;3,07819;3,12555;332.428;1.032.835
2016-06-30;2,98347;3,06872;2,96927;3,06872;613.729;1.861.282
2016-06-29;2,91718;2,98632;2,89823;2,98347;338.325;1.002.684
2016-06-28;2,86224;2,91433;2,86224;2,88403;238.261;689.846
2016-06-27;2,91718;2,92475;2,83193;2,8414;606.516;1.738.147
2016-06-24;2,75616;2,93517;2,73722;2,88403;637.057;1.819.957
2016-06-23;2,95506;3,00242;2,87929;2,99673;636.663;1.885.502
2016-06-22;2,90865;2,99295;2,90865;2,96453;485.593;1.437.834
2016-06-21;2,92665;2,95506;2,90486;2,92002;399.887;1.171.853
2016-06-20;2,89823;2,90865;2,79405;2,89066;827.709;2.360.215
2016-06-17;2,8414;2,93707;2,8414;2,87077;2.945.182;8.464.110
2016-06-16;2,88497;2,88497;2,84235;2,85656;755.033;2.159.592
2016-06-15;2,87077;2,93044;2,87077;2,92665;335.636;979.698
2016-06-14;2,88971;2,92381;2,82246;2,92381;533.100;1.528.492
2016-06-13;2,91718;2,94938;2,89255;2,94938;524.245;1.525.943
2016-06-10;3,00526;3,02231;2,94748;2,98726;398.762;1.185.548
2016-06-09;3,00242;3,02136;2,97116;3,02136;295.317;883.678
2016-06-08;3,00242;3,01568;2,95317;3,01568;319.530;953.462
2016-06-07;2,94559;3,02136;2,92665;3,02136;701.892;2.085.948
2016-06-06;2,93612;2,97306;2,92191;2,94559;193.419;569.000
2016-06-03;2,8935;2,9901;2,8935;2,96453;414.964;1.229.763
2016-06-02;2,91244;2,93138;2,86508;2,91528;250.792;727.006
2016-06-01;2,93801;2,93801;2,85466;2,90581;184.316;532.128
2016-05-31;2,83193;2,95506;2,79689;2,94559;1.731.513;5.070.264
2016-05-30;2,85088;2,88687;2,83193;2,8414;340.350;971.628
2016-05-27;2,95222;2,96737;2,81773;2,88876;463.948;1.328.950
2016-05-26;2,97874;2,98347;2,92286;2,97116;174.255;516.637
2016-05-25;2,96927;2,99295;2,89823;2,93517;268.092;790.862
2016-05-24;2,84709;2,96264;2,8414;2,96264;415.467;1.211.257
2016-05-23;2,86603;2,89823;2,84235;2,88876;124.089;356.656
2016-05-20;2,80257;2,90676;2,777;2,89823;380.478;1.088.041
2016-05-19;2,70407;2,8092;2,69933;2,8092;384.396;1.066.998
2016-05-18;2,77511;2,80352;2,72491;2,73722;259.437;718.929
2016-05-17;2,77605;2,82909;2,77416;2,82246;240.203;672.006
2016-05-13;2,71733;2,82246;2,71165;2,82246;435.422;1.207.164
2016-05-12;2,70028;2,73248;2,67092;2,69933;244.591;662.032
2016-05-11;2,71449;2,74669;2,70691;2,70691;118.064;322.193
2016-05-10;2,7448;2,74574;2,7107;2,74574;232.959;637.281
2016-05-09;2,68607;2,73059;2,65955;2,73059;286.118;773.264
2016-05-06;2,71828;2,73438;2,65387;2,67566;161.864;436.126
2016-05-05;2,71354;2,71354;2,67187;2,69081;80.818;217.560
2016-05-04;2,69081;2,7268;2,65955;2,6766;244.553;656.330
2016-05-03;2,75427;2,75427;2,70502;2,70502;245.306;669.252
2016-05-02;2,72301;2,77037;2,67566;2,76563;261.688;711.037
2016-04-29;2,79405;2,81583;2,6927;2,6927;410.396;1.122.123
2016-04-28;2,79405;2,82909;2,77037;2,81299;283.124;792.208
2016-04-27;2,80541;2,83099;2,78363;2,79405;262.731;737.239
2016-04-26;2,83193;2,83193;2,75995;2,78174;286.925;799.648
2016-04-25;2,78458;2,85277;2,78363;2,78837;456.500;1.286.169
2016-04-22;2,52885;2,74669;2,52885;2,74669;711.317;1.884.011
2016-04-21;2,71828;2,76185;2,46729;2,50991;1.450.197;3.745.421
2016-04-20;2,75616;2,77037;2,68986;2,74953;415.033;1.136.420
2016-04-19;2,78647;2,79973;2,74669;2,76563;168.878;467.800
2016-04-18;2,78363;2,78647;2,74669;2,777;205.707;568.800
2016-04-15;2,75427;2,80731;2,75048;2,795;82.759;230.291
2016-04-14;2,78268;2,81583;2,72775;2,76658;276.604;766.573
2016-04-13;2,90676;2,90676;2,75711;2,78742;392.254;1.105.375
2016-04-12;2,93612;2,94748;2,8272;2,87171;272.055;779.411
2016-04-11;2,86982;2,97306;2,8414;2,9077;309.995;900.974
2016-04-08;2,8414;2,93896;2,83193;2,89823;223.818;644.951
2016-04-07;2,8594;2,91623;2,80447;2,84519;297.567;851.313
2016-04-06;2,75806;2,87929;2,75806;2,84993;262.479;741.498
2016-04-05;2,98347;2,98347;2,68702;2,76563;1.008.940;2.795.225
2016-04-04;2,98347;3,01662;2,92002;2,92002;262.086;778.883
2016-04-01;3,03083;3,03083;2,96643;3,00715;251.315;749.977
2016-03-31;2,92759;3,06777;2,92759;3,04693;220.486;662.225
2016-03-30;2,95222;2,96453;2,91528;2,94654;205.136;603.241
2016-03-29;3,07819;3,10376;2,88024;2,94843;664.774;1.983.112
2016-03-24;3,12555;3,12555;3,0422;3,0422;402.702;1.242.651
2016-03-23;3,10566;3,17195;3,08955;3,1085;806.634;2.533.386
2016-03-22;3,00999;3,07819;2,98821;3,07819;498.230;1.517.419
2016-03-21;2,99863;3,04977;2,95506;2,97779;497.741;1.494.853
2016-03-18;2,93612;2,99958;2,93612;2,95506;352.857;1.044.933
2016-03-17;2,98253;3,02799;2,84614;2,93612;706.453;2.063.517
2016-03-16;2,93233;2,96927;2,88876;2,96927;482.921;1.414.683
2016-03-15;2,9077;2,9077;2,8414;2,8755;313.200;901.411
2016-03-14;2,73817;2,93612;2,73817;2,89066;1.162.562;3.298.289
2016-03-11;2,69933;2,70123;2,65482;2,68323;294.799;789.648
2016-03-10;2,71922;2,74669;2,63777;2,63777;333.435;897.050
2016-03-09;2,67566;2,74385;2,66808;2,69081;459.051;1.241.985
2016-03-08;2,58568;2,64251;2,57905;2,63303;654.223;1.715.545
2016-03-07;2,55063;2,57715;2,54874;2,57715;164.878;423.056
2016-03-04;2,59515;2,59515;2,53832;2,5459;261.967;669.355
2016-03-03;2,63303;2,63303;2,54779;2,56484;194.796;502.164
2016-03-02;2,65198;2,66145;2,59515;2,60557;227.934;595.808
2016-03-01;2,61125;2,65198;2,58094;2,63682;175.146;459.726
2016-02-29;2,60462;2,61409;2,562;2,60367;274.862;712.043
2016-02-26;2,61788;2,61788;2,57337;2,60841;277.967;722.538
2016-02-25;2,58568;2,61315;2,53453;2,58378;413.110;1.066.898
2016-02-24;2,57526;2,63303;2,56768;2,60841;397.178;1.032.481
2016-02-23;2,57621;2,63872;2,57621;2,58757;344.231;898.788
2016-02-22;2,64251;2,64251;2,56768;2,58757;692.460;1.799.025
2016-02-19;2,60462;2,64156;2,59136;2,61599;273.109;713.114
2016-02-18;2,63209;2,64345;2,58284;2,61409;418.487;1.096.141
2016-02-17;2,56011;2,62356;2,55348;2,60746;545.102;1.415.592
2016-02-16;2,46634;2,58;2,45687;2,58;823.163;2.079.452
2016-02-15;2,44266;2,47486;2,42467;2,47202;425.654;1.043.518
2016-02-12;2,33942;2,38773;2,30248;2,38678;651.575;1.532.361
2016-02-11;2,46066;2,46066;2,32048;2,33942;669.397;1.582.616
2016-02-10;2,4294;2,54685;2,4294;2,46255;629.046;1.568.538
2016-02-09;2,46255;2,47297;2,39341;2,43698;876.319;2.133.427
2016-02-08;2,68418;2,69555;2,4957;2,50991;660.001;1.686.327
2016-02-05;2,63777;2,74669;2,60273;2,69839;505.476;1.354.408
2016-02-04;2,64061;2,68986;2,63114;2,65387;240.457;640.788
2016-02-03;2,62356;2,64629;2,49665;2,62641;1.133.220;2.929.953
2016-02-02;2,75616;2,77889;2,65008;2,66145;1.127.971;3.037.003
2016-02-01;2,78458;2,81204;2,74385;2,74764;693.784;1.925.955
2016-01-29;2,73627;2,76563;2,72775;2,76563;360.854;989.851
2016-01-28;2,61504;2,72017;2,60652;2,70786;818.612;2.191.942
2016-01-27;2,63588;2,64819;2,59894;2,61978;449.577;1.179.588
2016-01-26;2,56768;2,63209;2,56674;2,63209;405.412;1.057.879
2016-01-25;2,53737;2,61409;2,51085;2,59515;639.449;1.649.417
2016-01-22;2,47202;2,53264;2,47202;2,52885;1.323.186;3.305.990
2016-01-21;2,44361;2,47202;2,41614;2,43414;1.097.451;2.684.544
2016-01-20;2,46255;2,49854;2,43793;2,46255;1.700.837;4.196.543
2016-01-19;2,50991;2,53169;2,49002;2,50896;900.410;2.260.309
2016-01-18;2,47013;2,50612;2,43793;2,49096;1.694.328;4.185.293
2016-01-15;2,4777;2,53832;2,45971;2,49286;1.338.160;3.335.064
2016-01-14;2,50991;2,52885;2,44929;2,47676;977.595;2.432.669
2016-01-13;2,54779;2,55632;2,51559;2,544;802.565;2.039.190
2016-01-12;2,54779;2,54779;2,50991;2,52411;578.462;1.460.437
2016-01-11;2,53359;2,55726;2,50991;2,52885;509.742;1.293.267
2016-01-08;2,50044;2,55253;2,50044;2,54779;421.910;1.073.129
2016-01-07;2,49381;2,55726;2,44834;2,53074;1.406.350;3.522.452
2016-01-06;2,52885;2,55726;2,50044;2,55726;507.795;1.279.804
2016-01-05;2,44077;2,55632;2,44077;2,54779;835.205;2.090.530
2016-01-04;2,46255;2,4796;2,40667;2,45308;810.067;1.981.485
2015-12-30;2,52885;2,53737;2,50991;2,51843;223.131;561.149
2015-12-29;2,51938;2,55158;2,50991;2,52222;436.758;1.099.912
2015-12-28;2,5298;2,54116;2,50896;2,53169;265.495;667.916
2015-12-23;2,52411;2,53832;2,49665;2,52411;253.288;638.390
2015-12-22;2,51085;2,53548;2,47202;2,53548;380.632;955.960
2015-12-21;2,53927;2,55253;2,50044;2,52885;422.792;1.066.840
2015-12-18;2,51464;2,57621;2,47676;2,49949;724.726;1.825.951
2015-12-17;2,49096;2,58568;2,45308;2,48433;1.033.134;2.599.131
2015-12-16;2,57621;2,64156;2,45308;2,47581;969.599;2.469.970
2015-12-15;2,42372;2,57526;2,42372;2,53074;859.664;2.170.954
2015-12-14;2,4294;2,47202;2,41046;2,41709;723.357;1.760.803
2015-12-11;2,47202;2,48055;2,38962;2,44171;843.452;2.060.328
2015-12-10;2,40288;2,47013;2,37731;2,46539;552.250;1.343.562
2015-12-09;2,45308;2,45308;2,38678;2,41425;259.548;626.369
2015-12-08;2,47107;2,47107;2,36973;2,44171;426.328;1.033.461
2015-12-07;2,44361;2,49096;2,41235;2,45308;536.993;1.315.625
2015-12-04;2,36405;2,43319;2,29585;2,37731;995.244;2.357.758
2015-12-03;2,35742;2,37636;2,31101;2,35647;587.216;1.378.904
2015-12-02;2,29207;2,35837;2,27407;2,33469;1.190.849;2.765.538
2015-12-01;2,22577;2,32995;2,19925;2,29207;1.343.492;3.065.646
2015-11-30;2,17841;2,22577;2,17841;2,22577;651.067;1.430.224
2015-11-27;2,18504;2,19641;2,16894;2,17273;533.006;1.161.898
2015-11-26;2,14147;2,22577;2,14147;2,19641;927.666;2.037.531
2015-11-25;2,10075;2,14715;2,0837;2,08843;960.772;2.007.129
2015-11-24;2,14052;2,16041;2,0837;2,0979;274.572;581.751
2015-11-23;2,17746;2,22198;2,13863;2,14147;419.326;910.902
2015-11-20;2,12821;2,16799;2,06475;2,15947;286.837;604.767
2015-11-19;2,19546;2,25323;1,97193;2,15757;1.441.239;3.040.517
2015-11-18;2,24471;2,25418;2,14052;2,1481;747.262;1.635.799
2015-11-17;2,26744;2,27312;2,23145;2,23808;300.666;676.890
2015-11-16;2,21914;2,27312;2,20682;2,2305;340.594;762.201
2015-11-13;2,25608;2,30059;2,21156;2,23808;337.536;759.366
2015-11-12;2,31859;2,31859;2,25229;2,27218;290.963;662.389
2015-11-11;2,25418;2,32048;2,2324;2,27407;572.573;1.303.243
2015-11-10;2,29775;2,30154;2,21156;2,23808;366.423;830.719
2015-11-09;2,26176;2,31859;2,25797;2,29207;688.477;1.573.909
2015-11-06;2,19262;2,25418;2,15947;2,25418;335.321;741.366
2015-11-05;2,23619;2,25986;2,15568;2,19072;578.540;1.272.270
2015-11-04;2,15473;2,22387;2,14052;2,22387;493.968;1.077.972
2015-11-03;2,15;2,15473;2,10359;2,14431;316.737;675.615
2015-11-02;2,08275;2,16799;2,08275;2,14147;336.892;721.209
2015-10-30;2,07423;2,10264;2,0676;2,09222;256.948;536.711
2015-10-29;2,06475;2,08464;2,04581;2,07423;291.907;604.409
2015-10-28;2,0676;2,07801;2,03729;2,05528;213.296;439.418
2015-10-27;2,09412;2,10264;2,05528;2,05528;425.221;885.739
2015-10-26;2,06949;2,08843;2,03729;2,08843;317.995;657.508
2015-10-23;2,03634;2,08275;2,02876;2,04581;544.260;1.117.131
2015-10-22;2,03634;2,04676;1,9833;2,00603;446.783;900.855
2015-10-21;1,96909;2,03539;1,9511;2,01266;561.143;1.120.036
2015-10-20;1,98804;1,98898;1,96152;1,96909;80.023;158.513
2015-10-19;1,94731;1,98804;1,94731;1,97193;116.555;230.230
2015-10-16;1,94257;1,97951;1,94257;1,95489;136.970;268.819
2015-10-15;1,92268;1,96057;1,91416;1,94163;109.864;214.046
2015-10-14;1,89427;1,9492;1,89427;1,91321;166.926;322.389
2015-10-13;1,97951;1,98425;1,8848;1,89427;361.910;697.525
2015-10-12;1,97856;1,99751;1,94163;1,97193;208.174;410.870
2015-10-09;1,95205;1,97856;1,94257;1,96057;139.340;272.291
2015-10-08;1,95962;1,97951;1,94352;1,96152;211.467;414.698
2015-10-07;1,98804;2,00793;1,94257;1,94257;1.534.643;3.039.445
2015-10-06;1,97951;1,98993;1,95583;1,98141;257.699;509.289
2015-10-05;1,96909;1,9833;1,92268;1,95583;257.763;504.063
2015-10-02;1,94447;1,98804;1,91037;1,94163;413.669;807.716
2015-10-01;1,90848;1,95962;1,90848;1,90848;336.219;650.813
2015-09-30;1,88669;1,92174;1,88669;1,91227;123.907;235.410
2015-09-29;1,89332;1,91227;1,8687;1,89427;205.121;387.264
2015-09-28;1,91227;1,92079;1,88006;1,90374;224.574;425.866
2015-09-25;1,8848;1,91321;1,88101;1,89427;257.155;487.631
2015-09-24;1,8848;1,93216;1,85638;1,88859;383.150;719.288
2015-09-23;1,87059;1,91227;1,84786;1,90185;154.408;291.814
2015-09-22;1,92931;1,92931;1,82797;1,85638;233.606;434.138
2015-09-21;1,91227;1,92837;1,8668;1,89427;238.077;450.980
2015-09-18;1,90374;1,90374;1,85828;1,89427;368.332;695.649
2015-09-17;1,89901;1,91227;1,8848;1,88953;217.384;412.615
2015-09-16;1,9189;1,9189;1,86112;1,87343;115.894;218.350
2015-09-15;1,89427;1,93216;1,8668;1,8848;211.138;401.285
2015-09-14;1,86396;1,89901;1,85733;1,89427;114.791;216.119
2015-09-11;1,88859;1,88859;1,82702;1,86396;160.406;297.382
2015-09-10;1,88859;1,90374;1,85923;1,86396;167.070;312.879
2015-09-09;1,92174;1,92174;1,85923;1,86775;534.198;1.010.204
2015-09-08;1,89238;1,89427;1,85733;1,87533;102.235;191.835
2015-09-07;1,87533;1,87533;1,84691;1,84881;84.334;156.583
2015-09-04;1,92174;1,92742;1,8526;1,85828;105.761;200.158
2015-09-03;1,8829;1,92742;1,8507;1,89522;226.676;430.907
2015-09-02;1,84691;1,86964;1,81376;1,84312;302.203;557.068
2015-09-01;1,89427;1,89901;1,83839;1,87533;132.275;247.086
2015-08-31;1,89427;1,95867;1,87154;1,90469;633.840;1.223.177
2015-08-28;1,89427;1,92742;1,87059;1,89711;330.071;626.479
2015-08-27;1,89427;1,92553;1,86586;1,89332;366.909;695.589
2015-08-26;1,88669;1,93121;1,84691;1,84691;142.234;268.094
2015-08-25;1,80903;1,9511;1,80903;1,87533;490.782;919.634
2015-08-24;1,73515;1,89048;1,67643;1,80145;1.109.574;1.914.927
2015-08-21;1,79956;1,80524;1,7522;1,78156;550.231;980.922
2015-08-20;1,86586;1,90279;1,7863;1,79956;796.154;1.475.874
2015-08-19;1,96152;1,9672;1,84691;1,8848;771.263;1.483.459
2015-08-18;1,98519;2,00319;1,9653;1,97762;161.788;320.611
2015-08-17;1,94163;2,02687;1,94163;1,98898;403.037;802.697
2015-08-14;1,94636;1,99372;1,94163;1,94352;79.030;153.809
2015-08-13;1,9672;2,00793;1,94163;1,96057;183.749;361.550
2015-08-12;1,96909;1,97856;1,91416;1,93216;473.957;922.684
2015-08-11;1,97004;1,98614;1,9511;1,9672;110.779;217.683
2015-08-10;1,97951;1,98046;1,96152;1,97004;93.977;185.425
2015-08-07;2,01456;2,01456;1,96152;1,96341;233.529;464.030
2015-08-06;1,97478;1,99845;1,95205;1,9833;155.416;307.621
2015-08-05;1,95394;2,01171;1,95394;1,97478;361.862;720.080
2015-08-04;2,0174;2,0174;1,94068;1,96057;743.455;1.463.294
2015-08-03;2,04581;2,06286;1,98898;2,00982;406.958;820.927
2015-07-31;2,02687;2,06854;2,01929;2,04392;222.461;454.566
2015-07-30;2,04581;2,09601;2,00224;2,01929;706.704;1.456.328
2015-07-29;2,0837;2,10075;2,03634;2,03634;585.611;1.206.365
2015-07-28;2,01266;2,07707;2,01266;2,05244;440.445;901.403
2015-07-27;2,11969;2,11969;1,99088;2,00982;543.489;1.107.328
2015-07-24;2,132;2,14526;2,12064;2,13105;327.540;697.081
2015-07-23;2,12916;2,15947;2,09317;2,14526;273.781;582.760
2015-07-22;2,12916;2,14052;2,05812;2,11779;959.879;2.014.101
2015-07-21;2,16894;2,17746;2,14052;2,14052;593.831;1.280.582
2015-07-20;2,1661;2,18788;2,14905;2,15947;856.357;1.861.423
2015-07-17;2,16704;2,16894;2,12632;2,15852;186.264;401.844
2015-07-16;2,18883;2,19641;2,12158;2,13579;812.989;1.762.148
2015-07-15;2,14147;2,19735;2,10359;2,15947;1.190.516;2.584.050
2015-07-14;2,15;2,16799;2,10264;2,14052;736.984;1.571.551
2015-07-13;2,0155;2,1481;2,00793;2,13105;1.646.784;3.411.301
2015-07-10;2,03066;2,03066;1,97951;1,9833;913.748;1.830.757
2015-07-09;1,93216;2,0155;1,92553;1,98898;2.254.957;4.458.642
2015-07-08;1,89427;1,9511;1,87817;1,93216;711.947;1.369.304
2015-07-07;1,99088;2,0174;1,85638;1,90185;4.186.077;8.180.472
2015-07-06;2,17367;2,22577;2,08275;2,09317;365.578;788.327
2015-07-03;2,05434;2,19735;2,03066;2,13389;391.760;821.149
2015-07-02;2,04486;2,06475;2,01361;2,0335;340.613;692.575
2015-07-01;2,10643;2,10643;2,02403;2,03634;204.771;418.512
2015-06-30;2,0496;2,0818;2,01929;2,05528;167.752;342.547
2015-06-29;2,12537;2,12537;2,04771;2,08559;121.290;253.690
2015-06-26;2,11306;2,13105;2,10359;2,12632;103.067;218.766
2015-06-25;2,10264;2,16894;2,0837;2,11211;153.263;324.698
2015-06-24;2,20588;2,20588;2,04581;2,17936;217.322;465.800
2015-06-23;2,15;2,29207;2,0979;2,24471;485.962;1.058.712
2015-06-22;2,47277;2,54918;2,37832;2,40408;505.534;1.242.389
2015-06-19;2,67025;2,67025;2,58095;2,64449;71.566;187.451
2015-06-18;2,64449;2,69601;2,56722;2,68742;62.873;165.795
2015-06-17;2,43413;2,63762;2,42555;2,63762;159.975;409.082
2015-06-16;2,3809;2,48994;2,32681;2,45388;55.003;131.388
2015-06-15;2,31822;2,42125;2,30963;2,37832;187.368;439.665
2015-06-12;2,48136;2,49853;2,30191;2,38691;159.317;378.554
2015-06-11;2,57494;2,57494;2,40408;2,51398;100.501;250.557
2015-06-10;2,65308;2,65308;2,50711;2,55863;150.433;385.374
2015-06-09;2,67969;2,68742;2,61873;2,65308;64.564;171.374
2015-06-08;2,74666;2,74666;2,68742;2,70459;52.160;142.449
2015-06-05;2,71318;2,7458;2,70459;2,73808;51.097;138.549
2015-06-04;2,70373;2,74237;2,69772;2,73378;29.680;80.821
2015-06-03;2,7458;2,7458;2,67025;2,73808;42.508;114.473
2015-06-02;2,80762;2,8849;2,6359;2,74151;136.882;376.137
2015-06-01;2,76469;2,87631;2,67454;2,82565;81.226;227.992
2015-05-29;2,91924;2,91924;2,72176;2,87631;171.408;486.929
2015-05-28;3,13389;3,15879;2,91924;3,00424;197.575;601.091
2015-05-27;3,15707;3,1751;3,11672;3,17081;35.868;112.661
2015-05-26;3,16824;3,24122;3,08238;3,13389;116.724;370.073
2015-05-22;3,00596;3,09096;3,0051;3,09096;112.542;344.606
2015-05-21;2,97934;3,04631;2,83338;3,04546;138.374;406.482
2015-05-20;2,92353;3,07293;2,79045;3,02914;153.035;455.673
2015-05-19;3,24551;3,4344;2,83853;2,99566;918.895;2.962.762
2015-05-18;2,85055;3,10813;2,79045;3,09096;885.203;2.597.514
2015-05-15;2,42125;2,69944;2,42125;2,66681;288.535;742.919
2015-05-14;2,36974;2,40408;2,36115;2,40408;23.110;55.357
2015-05-13;2,36974;2,41267;2,36888;2,40322;95.834;228.600
2015-05-12;2,36544;2,36544;2,2916;2,31822;126.921;294.713
2015-05-11;2,42125;2,47277;2,34398;2,35257;248.976;597.895
2015-05-08;2,3955;2,3955;2,27529;2,36974;214.576;499.173
2015-05-07;2,33368;2,3912;2,24095;2,3912;85.716;197.206
2015-05-06;2,3208;2,3955;2,28817;2,31736;126.637;296.203
2015-05-05;2,36974;2,38691;2,30105;2,30963;69.153;161.736
2015-05-04;2,27529;2,38691;2,27443;2,36115;245.512;573.432
2015-04-30;2,16367;2,24953;2,16367;2,23236;121.076;269.475
2015-04-29;2,31822;2,40322;2,18943;2,19029;606.219;1.389.546
2015-04-28;2,04347;2,21433;2,03488;2,18943;498.396;1.069.077
2015-04-27;1,94902;2,05205;1,93185;2,00912;404.223;802.471
2015-04-24;1,84513;1,97478;1,79447;1,94902;243.601;458.817
2015-04-23;1,84599;1,87776;1,77559;1,82882;162.109;294.343
2015-04-22;1,86316;1,90438;1,8374;1,87948;88.998;166.817
2015-04-21;1,88892;1,90438;1,78245;1,87948;471.326;863.140
2015-04-20;1,77816;1,90609;1,77816;1,8374;561.926;1.036.719
2015-04-17;1,67427;1,81079;1,65796;1,76786;530.640;926.511
2015-04-16;1,68286;1,68286;1,65452;1,67427;127.814;213.860
2015-04-15;1,68114;1,68286;1,65882;1,68286;40.383;67.714
2015-04-14;1,65452;1,72579;1,64851;1,66568;178.665;301.781
2015-04-13;1,62275;1,70003;1,60215;1,67427;255.932;423.063
2015-04-10;1,57296;1,61073;1,5721;1,61073;5.280;8.444
2015-04-09;1,60558;1,62275;1,57553;1,57553;66.222;106.172
2015-04-08;1,58927;1,61245;1,58841;1,58927;50.509;80.516
2015-04-07;1,597;1,61846;1,5824;1,61245;85.233;136.382
2015-04-02;1,57038;1,63993;1,56695;1,61417;133.177;212.551
2015-04-01;1,52058;1,56952;1,52058;1,56952;54.998;85.080
2015-03-31;1,5326;1,53689;1,50341;1,53689;21.619;33.018
2015-03-30;1,51972;1,52745;1,50255;1,50255;36.281;54.966
2015-03-27;1,49396;1,52745;1,49396;1,51972;23.689;35.619
2015-03-26;1,51972;1,51972;1,44245;1,46992;82.887;122.156
2015-03-25;1,54548;1,55407;1,51114;1,51114;39.285;60.574
2015-03-24;1,54462;1,54548;1,52316;1,54376;14.607;22.460
2015-03-23;1,57897;1,57897;1,53689;1,54548;21.656;33.612
2015-03-20;1,48624;1,55836;1,48624;1,53861;25.197;39.024
2015-03-19;1,57897;1,57982;1,38235;1,54119;211.330;316.443
2015-03-18;1,59614;1,597;1,56866;1,56866;22.821;36.056
2015-03-17;1,61589;1,61589;1,56866;1,57982;20.600;33.001
2015-03-16;1,57982;1,58841;1,56695;1,58841;66.112;104.440
2015-03-13;1,57553;1,59614;1,57553;1,58068;6.104;9.723
2015-03-12;1,59614;1,60215;1,56695;1,57553;42.342;66.941
2015-03-11;1,57124;1,60558;1,57124;1,60472;21.292;33.872
2015-03-10;1,6219;1,6219;1,57982;1,58068;16.747;26.609
2015-03-09;1,62275;1,62275;1,59013;1,59356;26.985;43.147
2015-03-06;1,62275;1,62275;1,597;1,597;19.828;32.070
2015-03-05;1,61417;1,61417;1,58068;1,60129;14.625;23.558
2015-03-04;1,59786;1,61674;1,58412;1,60558;46.428;73.936
2015-03-03;1,63134;1,63134;1,60644;1,60644;49.738;80.839
2015-03-02;1,62275;1,64937;1,61073;1,61417;127.513;208.059
2015-02-27;1,597;1,62705;1,597;1,597;9.267;14.998
2015-02-26;1,60558;1,61331;1,56265;1,61331;110.493;175.349
2015-02-25;1,61245;1,63048;1,60644;1,60644;57.233;92.644
2015-02-24;1,61331;1,61331;1,58841;1,60387;39.057;62.605
2015-02-23;1,63134;1,64937;1,57124;1,597;98.531;159.170
2015-02-20;1,63134;1,64851;1,60558;1,61331;71.103;115.742
2015-02-19;1,64422;1,64851;1,61417;1,63134;124.462;203.350
2015-02-18;1,66483;1,66568;1,54977;1,63563;122.933;200.328
2015-02-17;1,58498;1,69917;1,56437;1,66568;378.043;620.914
2015-02-16;1,4828;1,54634;1,4828;1,54634;184.747;281.955
2015-02-13;1,45103;1,4828;1,43386;1,4828;40.327;58.745
2015-02-12;1,46735;1,47164;1,45962;1,4622;26.988;39.619
2015-02-11;1,47679;1,47679;1,45962;1,47508;6.457;9.493
2015-02-10;1,45103;1,45533;1,45103;1,45103;4.455;6.472
2015-02-09;1,46821;1,47593;1,45103;1,45103;10.191;14.875
2015-02-06;1,44245;1,45962;1,43472;1,45876;36.964;53.653
2015-02-05;1,45962;1,49139;1,44932;1,45533;42.284;61.550
2015-02-04;1,49997;1,49997;1,41755;1,4828;71.648;104.393
2015-02-03;1,51457;1,51457;1,45275;1,46821;42.935;63.426
2015-02-02;1,47679;1,52745;1,45189;1,47765;167.580;251.166
2015-01-30;1,49396;1,51972;1,44245;1,44417;119.015;177.898
2015-01-29;1,47679;1,49311;1,46134;1,48967;40.783;60.504
2015-01-28;1,43472;1,50255;1,43472;1,47679;204.041;299.429
2015-01-27;1,35659;1,41669;1,35659;1,41669;220.381;307.378
2015-01-26;1,31108;1,35487;1,31108;1,34028;128.743;171.866
2015-01-23;1,31108;1,32911;1,31108;1,31108;14.900;19.665
2015-01-22;1,30937;1,32997;1,30937;1,32911;16.085;21.212
2015-01-21;1,30679;1,31366;1,30679;1,30765;94.315;123.335
2015-01-20;1,32224;1,32224;1,30679;1,30679;68.197;89.248
2015-01-19;1,32224;1,32654;1,31452;1,32053;44.441;58.568
2015-01-16;1,30593;1,32654;1,30593;1,32654;25.123;33.105
2015-01-15;1,31881;1,32568;1,30851;1,32224;30.083;39.644
2015-01-14;1,31022;1,32482;1,30593;1,31366;108.161;141.966
2015-01-13;1,3231;1,3231;1,30593;1,31022;84.375;111.059
2015-01-12;1,30078;1,32568;1,29735;1,31366;113.099;148.188
2015-01-09;1,27931;1,30507;1,27931;1,29735;284.496;368.417
2015-01-08;1,26214;1,26214;1,23638;1,25356;8.190;10.269
2011-05-27;2,97076;2,97076;2,97076;2,97076;40;118
2011-05-26;2,86773;2,86773;2,86773;2,86773;493;1.414
2011-05-23;3,09096;3,09096;3,09096;3,09096;1.252;3.870
2011-05-20;2,91924;2,91924;2,91924;2,91924;2;6
2011-05-19;2,95359;2,95359;2,95359;2,95359;39;115
2011-05-18;2,95359;2,95359;2,95359;2,95359;93;275
2011-05-17;3,0051;3,0051;3,0051;3,0051;17;53
2011-05-16;3,09096;3,09096;3,09096;3,09096;21.238;65.646
2011-05-13;3,09096;3,09096;3,09096;3,09096;681;2.106
2011-05-12;3,0051;3,0051;3,0051;3,0051;10;32
2011-05-11;3,03945;3,03945;3,03945;3,03945;652;1.980
2011-05-10;3,09096;3,09096;3,09096;3,09096;8.968;27.720
2011-05-09;3,14248;3,14248;3,14248;3,14248;58.249;183.046
2011-05-06;3,02227;3,02227;3,02227;3,02227;78;237
2011-05-05;3,09096;3,09096;3,09096;3,09096;7.570;23.400
2011-05-04;3,02227;3,02227;3,02227;3,02227;49;147
2011-05-03;2,91924;2,91924;2,91924;2,91924;17;51
2011-05-02;2,91924;2,91924;2,91924;2,91924;542;1.581
2011-04-29;3,09096;3,09096;3,09096;3,09096;3.203;9.900
2011-04-27;2,91924;2,91924;2,91924;2,91924;87;255
2011-04-26;2,8849;2,8849;2,8849;2,8849;1.334;3.850
2011-04-20;2,79904;2,79904;2,79904;2,79904;881;2.467
2011-04-19;2,93641;2,93641;2,93641;2,93641;175;513
2011-04-18;3,09096;3,09096;3,09096;3,09096;55;171
2011-04-15;3,09096;3,09096;3,09096;3,09096;1.165;3.600
2011-04-14;2,93641;2,93641;2,93641;2,93641;648;1.904
2011-04-13;2,98793;2,98793;2,98793;2,98793;92;275
2011-04-11;3,09096;3,09096;3,09096;3,09096;291;900
2011-04-08;3,0051;3,0051;3,0051;3,0051;104;313
2011-04-07;3,09096;3,09096;3,09096;3,09096;3.471;10.728
2011-04-06;3,14248;3,14248;3,14248;3,14248;4.450;13.982
2011-04-05;3,09096;3,09096;3,09096;3,09096;1.165;3.600
2011-04-04;3,09096;3,09096;3,09096;3,09096;340;1.050
2011-03-30;3,09096;3,09096;3,09096;3,09096;1.578;4.878
2011-03-29;3,09096;3,09096;3,09096;3,09096;116;360
2011-03-28;3,17682;3,17682;3,17682;3,17682;15;46
2011-03-23;3,24551;3,24551;3,24551;3,24551;175;567
2011-03-22;3,26268;3,26268;3,26268;3,26268;175;570
2011-03-18;2,78187;2,78187;2,78187;2,78187;47;130
2011-03-17;2,61015;2,61015;2,61015;2,61015;3.123;8.152
2011-03-16;2,66166;2,66166;2,66166;2,66166;355;946
2011-03-15;2,74752;2,74752;2,74752;2,74752;2.912;8.000
2011-03-14;2,95359;2,95359;2,95359;2,95359;1.855;5.478
2011-03-11;3,03945;3,03945;3,03945;3,03945;105;319
2011-03-10;3,07379;3,07379;3,07379;3,07379;59;180
2011-03-09;3,05662;3,05662;3,05662;3,05662;52;158
2011-03-08;3,05662;3,05662;3,05662;3,05662;655;2.003
2011-03-07; ; ; ;3,07379;97;298
2011-03-04;3,09096;3,09096;3,09096;3,09096;138;428
2011-03-03;3,09096;3,09096;3,09096;3,09096;41;126
2011-03-02;3,09096;3,09096;3,09096;3,09096;92;285
2011-03-01;3,09096;3,09096;3,09096;3,09096;76;234
2011-02-28;3,09096;3,09096;3,09096;3,09096;17;54
2011-02-25;3,12531;3,12531;3,12531;3,12531;641;2.002
2011-02-24;3,40006;3,40006;3,40006;3,40006;4.659;15.840
2011-02-22;3,41723;3,41723;3,41723;3,41723;3.436;11.741
2011-02-21;3,4344;3,4344;3,4344;3,4344;118;406
2011-02-18;3,4344;3,4344;3,4344;3,4344;291;1.000
2011-02-17;3,4344;3,4344;3,4344;3,4344;349;1.200
2011-02-16;3,29703;3,29703;3,29703;3,29703;1.063;3.504
2011-02-15;3,29703;3,29703;3,29703;3,29703;1.165;3.840
2011-02-14;3,29703;3,29703;3,29703;3,29703;87;286
2011-02-11;3,34854;3,34854;3,34854;3,34854;116;390
2011-02-10;3,26268;3,26268;3,26268;3,26268;582;1.900
2011-02-07;3,26268;3,26268;3,26268;3,26268;102;332
2011-02-04;3,27985;3,27985;3,27985;3,27985;1.456;4.775
2011-02-03;3,29703;3,29703;3,29703;3,29703;582;1.920
2011-02-02;3,26268;3,26268;3,26268;3,26268;932;3.040
2011-01-31;3,34854;3,34854;3,34854;3,34854;0;1
2011-01-28;3,34854;3,34854;3,34854;3,34854;221;741
2011-01-27;3,26268;3,26268;3,26268;3,26268;605;1.973
2011-01-26;3,3142;3,3142;3,3142;3,3142;1.351;4.479
2011-01-25;3,09096;3,09096;3,09096;3,09096;5;14
2011-01-24;3,15965;3,15965;3,15965;3,15965;74;234
2011-01-21;3,09096;3,09096;3,09096;3,09096;408;1.260
2011-01-20;3,17682;3,17682;3,17682;3,17682;29;93
2011-01-18;3,26268;3,26268;3,26268;3,26268;174;568
2011-01-17;3,26268;3,26268;3,26268;3,26268;3.647;11.900
2011-01-14;3,17682;3,17682;3,17682;3,17682;536;1.702
2011-01-13;3,24551;3,24551;3,24551;3,24551;20;66
2011-01-12;3,19399;3,19399;3,19399;3,19399;146;465
2011-01-11;3,19399;3,19399;3,19399;3,19399;582;1.860
2011-01-10;3,26268;3,26268;3,26268;3,26268;422;1.375
2011-01-07;3,26268;3,26268;3,26268;3,26268;116;380
2011-01-06;3,21117;3,21117;3,21117;3,21117;63;202
2011-01-04;3,24551;3,24551;3,24551;3,24551;489;1.587
2011-01-03;3,17682;3,17682;3,17682;3,17682;232;738
2010-12-29;3,26268;3,26268;3,26268;3,26268;324;1.056
2010-12-28;3,09096;3,09096;3,09096;3,09096;7.197;22.245
2010-12-27;3,09096;3,09096;3,09096;3,09096;757;2.340
2010-12-23;3,09096;3,09096;3,09096;3,09096;821;2.537
2010-12-22;3,12531;3,12531;3,12531;3,12531;1.275;3.986
2010-12-21;3,17682;3,17682;3,17682;3,17682;73;231
2010-12-20;3,34854;3,34854;3,34854;3,34854;1.485;4.973
2010-12-17;3,38289;3,38289;3,38289;3,38289;1.165;3.940
2010-12-16;3,38289;3,38289;3,38289;3,38289;1.765;5.972
2010-12-15;3,4344;3,4344;3,4344;3,4344;31;107
2010-12-14;3,57178;3,57178;3,57178;3,57178;204;728
2010-12-13;3,57178;3,57178;3,57178;3,57178;367;1.310
2010-12-10;3,4344;3,4344;3,4344;3,4344;218;750
2010-12-09;3,4344;3,4344;3,4344;3,4344;1.747;6.000
2010-12-08;3,4344;3,4344;3,4344;3,4344;1.941;6.667
2010-12-07;3,58895;3,58895;3,58895;3,58895;116;418
2010-12-06;3,76067;3,76067;3,76067;3,76067;291;1.095
2010-12-03;3,8637;3,8637;3,8637;3,8637;146;563
2010-12-02;3,60612;3,60612;3,60612;3,60612;303;1.092
2010-12-01;3,45157;3,45157;3,45157;3,45157;466;1.608
2010-11-30;3,45157;3,45157;3,45157;3,45157;3.784;13.059
2010-11-29;3,19399;3,19399;3,19399;3,19399;2.091;6.678
2010-11-26;3,4344;3,4344;3,4344;3,4344;5.823;20.000
2010-11-25;4,10411;4,10411;4,10411;4,10411;1.963;8.056
2010-11-24;4,20714;4,20714;4,20714;4,20714;8;35
2010-11-23;4,08694;4,08694;4,08694;4,08694;2.594;10.603
2010-11-22;4,08694;4,08694;4,08694;4,08694;3.058;12.498
2010-11-19;4,03542;4,03542;4,03542;4,03542;1.912;7.717
2010-11-18;4,12128;4,12128;4,12128;4,12128;3.378;13.920
2010-11-17;4,22431;4,22431;4,22431;4,22431;233;984
2010-11-16;4,12128;4,12128;4,12128;4,12128;363;1.497
2010-11-15;4,24149;4,24149;4,24149;4,24149;291;1.235
2010-11-12;4,03542;4,03542;4,03542;4,03542;836;3.375
2010-11-11;4,20714;4,20714;4,20714;4,20714;1.841;7.744
2010-11-10;4,25866;4,25866;4,25866;4,25866;1.165;4.960
2010-11-09;4,24149;4,24149;4,24149;4,24149;326;1.383
2010-11-08;4,25866;4,25866;4,25866;4,25866;2.161;9.202
2010-11-05;4,31017;4,31017;4,31017;4,31017;3.189;13.744
2010-11-04;4,46472;4,46472;4,46472;4,46472;1.223;5.460
2010-11-03;4,43038;4,43038;4,43038;4,43038;6.775;30.014
2010-11-02;4,43038;4,43038;4,43038;4,43038;1.745;7.732
2010-11-01;4,37886;4,37886;4,37886;4,37886;5.638;24.689
2010-10-29;4,22431;4,22431;4,22431;4,22431;3.212;13.567
2010-10-28;4,27583;4,27583;4,27583;4,27583;2.999;12.824
2010-10-27;4,15563;4,15563;4,15563;4,15563;6.161;25.604
2010-10-26;4,20714;4,20714;4,20714;4,20714;2.463;10.361
2010-10-25;4,22431;4,22431;4,22431;4,22431;5.823;24.600
2010-10-22;4,1728;4,1728;4,1728;4,1728;2.597;10.838
2010-10-21;4,00108;4,00108;4,00108;4,00108;5.620;22.485
2010-10-20;3,93239;3,93239;3,93239;3,93239;1.834;7.214
2010-10-19;4,06977;4,06977;4,06977;4,06977;2.860;11.640
2010-10-18;4,20714;4,20714;4,20714;4,20714;8.397;35.329
2010-10-15;3,79501;3,79501;3,79501;3,79501;23.862;90.557
2010-10-14;3,38289;3,38289;3,38289;3,38289;1.191;4.028
2010-10-13;3,38289;3,38289;3,38289;3,38289;349;1.182
2010-10-12;3,40006;3,40006;3,40006;3,40006;1.914;6.508
2010-10-11;3,26268;3,26268;3,26268;3,26268;975;3.183
2010-10-08;3,05662;3,05662;3,05662;3,05662;306;935
2010-10-07;2,93641;2,93641;2,93641;2,93641;189;556
2010-09-29;3,03945;3,03945;3,03945;3,03945;25;77
2010-09-28;3,0051;3,0051;3,0051;3,0051;131;394
2010-09-27;3,0051;3,0051;3,0051;3,0051;133;399
2010-09-24;3,09096;3,09096;3,09096;3,09096;384;1.188
2010-09-23;3,0051;3,0051;3,0051;3,0051;292;879
2010-09-22;3,0051;3,0051;3,0051;3,0051;30;91
2010-09-21;2,97076;2,97076;2,97076;2,97076;17;49
2010-09-20;3,0051;3,0051;3,0051;3,0051;74;222
2010-09-17;3,0051;3,0051;3,0051;3,0051;66;198
2010-09-16;2,91924;2,91924;2,91924;2,91924;9;26
2010-09-15;2,97076;2,97076;2,97076;2,97076;2.038;6.055
2010-09-14;3,10813;3,10813;3,10813;3,10813;1.115;3.464
2010-09-13;3,22834;3,22834;3,22834;3,22834;2.329;7.520
2010-09-10;3,09096;3,09096;3,09096;3,09096;20.175;62.361
2010-09-09;3,09096;3,09096;3,09096;3,09096;241;745
2010-09-08;2,91924;2,91924;2,91924;2,91924;5.036;14.702
2010-09-07;2,5758;2,5758;2,5758;2,5758;291;750
2010-09-06;2,55863;2,55863;2,55863;2,55863;886;2.267
2010-09-03;2,55863;2,55863;2,55863;2,55863;217;556
2010-09-02;2,55863;2,55863;2,55863;2,55863;1.384;3.541
2010-09-01;2,48994;2,48994;2,48994;2,48994;425;1.057
2010-08-31;2,48994;2,48994;2,48994;2,48994;577;1.436
2010-08-30;2,52429;2,52429;2,52429;2,52429;641;1.617
2010-08-27;2,43843;2,43843;2,43843;2,43843;10.715;26.128
2010-08-25;2,1465;2,1465;2,1465;2,1465;120;258
2010-08-23;2,1465;2,1465;2,1465;2,1465;306;656
2010-08-20;2,2667;2,2667;2,2667;2,2667;8;18
2010-08-18;2,31822;2,31822;2,31822;2,31822;6;13
2010-08-16;2,31822;2,31822;2,31822;2,31822;12;27
2010-08-13;2,40408;2,40408;2,40408;2,40408;582;1.400
2010-08-12;2,24953;2,24953;2,24953;2,24953;681;1.533
2010-08-11;2,30105;2,30105;2,30105;2,30105;16;38
2010-08-10;2,24953;2,24953;2,24953;2,24953;27;61
2010-08-09;2,40408;2,40408;2,40408;2,40408;398;957
2010-08-06;2,48994;2,48994;2,48994;2,48994;1.165;2.900
2010-08-05;2,2667;2,2667;2,2667;2,2667;171;388
2010-08-04;2,30105;2,30105;2,30105;2,30105;17;40
2010-08-03;2,36974;2,36974;2,36974;2,36974;87;207
2010-08-02;2,30105;2,30105;2,30105;2,30105;503;1.157
2010-07-30;2,31822;2,31822;2,31822;2,31822;76;176
2010-07-29;2,30105;2,30105;2,30105;2,30105;17;40
2010-07-28;2,19802;2,19802;2,19802;2,19802;122;269
2010-07-27;2,19802;2,19802;2,19802;2,19802;274;602
2010-07-26;2,31822;2,31822;2,31822;2,31822;291;675
2010-07-22;2,18084;2,18084;2,18084;2,18084;246;537
2010-07-21;2,2667;2,2667;2,2667;2,2667;175;396
2010-07-20;2,24953;2,24953;2,24953;2,24953;10;24
2010-07-16;2,24953;2,24953;2,24953;2,24953;18;41
2010-07-15;2,24953;2,24953;2,24953;2,24953;58;131
2010-07-13;2,31822;2,31822;2,31822;2,31822;12;27
2010-07-12;2,43843;2,43843;2,43843;2,43843;1.457;3.552
2010-07-09;2,38691;2,38691;2,38691;2,38691;357;853
2010-07-08;2,38691;2,38691;2,38691;2,38691;116;278
2010-07-07;2,31822;2,31822;2,31822;2,31822;2;4
2010-07-05;2,28388;2,28388;2,28388;2,28388;4;9
2010-07-02;2,28388;2,28388;2,28388;2,28388;56;128
2010-07-01;2,19802;2,19802;2,19802;2,19802;11;25
2010-06-30;2,1465;2,1465;2,1465;2,1465;21;45
2010-06-29;2,19802;2,19802;2,19802;2,19802;6;13
2010-06-28;2,19802;2,19802;2,19802;2,19802;349;768
2010-06-25;2,30105;2,30105;2,30105;2,30105;99;228
2010-06-24;2,30105;2,30105;2,30105;2,30105;448;1.032
2010-06-23;2,40408;2,40408;2,40408;2,40408;798;1.918
2010-06-22;2,40408;2,40408;2,40408;2,40408;17;42
2010-06-21;2,38691;2,38691;2,38691;2,38691;262;625
2010-06-17;2,21519;2,21519;2,21519;2,21519;605;1.340
2010-06-16;2,2667;2,2667;2,2667;2,2667;20;46
2010-06-15;2,28388;2,28388;2,28388;2,28388;8;18
2010-06-14;2,33539;2,33539;2,33539;2,33539;354;827
2010-06-10;2,31822;2,31822;2,31822;2,31822;85;198
2010-06-09;2,28388;2,28388;2,28388;2,28388;582;1.330
2010-06-08;2,35257;2,35257;2,35257;2,35257;837;1.968
2010-06-07;2,31822;2,31822;2,31822;2,31822;52;122
2010-06-04;2,40408;2,40408;2,40408;2,40408;41;98
2010-06-01;2,33539;2,33539;2,33539;2,33539;23;54
2010-05-31;2,33539;2,33539;2,33539;2,33539;10;24
2010-05-28;2,28388;2,28388;2,28388;2,28388;233;532
2010-05-27;2,2667;2,2667;2,2667;2,2667;17;40
2010-05-20;2,48994;2,48994;2,48994;2,48994;1.165;2.900
2010-05-19;2,30105;2,30105;2,30105;2,30105;1.749;4.025
2010-05-18;2,40408;2,40408;2,40408;2,40408;31;76
2010-05-17;2,38691;2,38691;2,38691;2,38691;524;1.251
2010-05-14;2,42125;2,42125;2,42125;2,42125;571;1.382
2010-05-13;2,38691;2,38691;2,38691;2,38691;4;9
2010-05-12;2,38691;2,38691;2,38691;2,38691;16;38
2010-05-11;2,5758;2,5758;2,5758;2,5758;2.213;5.700
2010-05-10;2,47277;2,47277;2,47277;2,47277;186;461
2010-05-07;2,47277;2,47277;2,47277;2,47277;1.817;4.493
2010-05-06;2,62732;2,62732;2,62732;2,62732;1.456;3.825
2010-05-05;2,62732;2,62732;2,62732;2,62732;1.855;4.873
2010-05-04;2,74752;2,74752;2,74752;2,74752;1.197;3.288
2010-05-03;2,50711;2,50711;2,50711;2,50711;116;292
2010-04-30;2,5758;2,5758;2,5758;2,5758;105;270
2010-04-29;2,40408;2,40408;2,40408;2,40408;128;308
2010-04-28;2,24953;2,24953;2,24953;2,24953;810;1.823
2010-04-27;2,55863;2,55863;2,55863;2,55863;2.379;6.087
2010-04-26;2,83338;2,83338;2,83338;2,83338;199;563
2010-04-23;2,76469;2,76469;2,76469;2,76469;2.912;8.050
2010-04-22;2,55863;2,55863;2,55863;2,55863;1.281;3.278
2010-04-21;2,59297;2,59297;2,59297;2,59297;4.308;11.171
2010-04-19;2,28388;2,28388;2,28388;2,28388;9;21
2010-04-15;2,28388;2,28388;2,28388;2,28388;92;211
2010-04-14;2,28388;2,28388;2,28388;2,28388;294;671
2010-04-13;2,28388;2,28388;2,28388;2,28388;3.193;7.293
2010-04-12;2,06064;2,06064;2,06064;2,06064;47;96
2010-04-09;2,24953;2,24953;2,24953;2,24953;582;1.310
2010-04-08;2,23236;2,23236;2,23236;2,23236;116;260
2010-04-06;2,06064;2,06064;2,06064;2,06064;1.450;2.988
2010-04-01;2,31822;2,31822;2,31822;2,31822;227;527
2010-03-30;2,5758;2,5758;2,5758;2,5758;35;90
2010-03-29;2,74752;2,74752;2,74752;2,74752;582;1.600
2010-03-24;2,61015;2,61015;2,61015;2,61015;6;16
2010-03-23;2,59297;2,59297;2,59297;2,59297;92;239
2010-03-22;2,71318;2,71318;2,71318;2,71318;4;10
2010-03-18;2,66166;2,66166;2,66166;2,66166;69;184
2010-03-17;2,61015;2,61015;2,61015;2,61015;225;587
2010-03-16;2,5758;2,5758;2,5758;2,5758;400;1.030
2010-03-15;2,66166;2,66166;2,66166;2,66166;2.814;7.490
2010-03-12;2,5758;2,5758;2,5758;2,5758;245;632
2010-03-10;2,61015;2,61015;2,61015;2,61015;291;760
2010-03-09;2,61015;2,61015;2,61015;2,61015;4.659;12.160
2010-03-08;2,55863;2,55863;2,55863;2,55863;233;596
2010-03-05;2,64449;2,64449;2,64449;2,64449;7.747;20.487
2010-03-04;2,5758;2,5758;2,5758;2,5758;125;321
2010-03-03;2,55863;2,55863;2,55863;2,55863;1.456;3.725
2010-02-24;2,91924;2,91924;2,91924;2,91924;12;36
2010-02-23;2,91924;2,91924;2,91924;2,91924;246;719
2010-02-22;2,8849;2,8849;2,8849;2,8849;146;420
2010-02-19;2,69601;2,69601;2,69601;2,69601;23;62
2010-02-17;2,83338;2,83338;2,83338;2,83338;361;1.023
2010-02-16;2,90207;2,90207;2,90207;2,90207;2.091;6.067
2010-02-15;2,85055;2,85055;2,85055;2,85055;6;17
2010-02-12;2,83338;2,83338;2,83338;2,83338;382;1.082
2010-02-11;2,83338;2,83338;2,83338;2,83338;233;660
2010-02-09;2,74752;2,74752;2,74752;2,74752;116;320
2010-02-08;2,71318;2,71318;2,71318;2,71318;56;152
2010-02-05;2,67883;2,67883;2,67883;2,67883;728;1.950
2010-02-03;2,71318;2,71318;2,71318;2,71318;424;1.149
2010-02-02;2,71318;2,71318;2,71318;2,71318;6.080;16.497
2010-02-01;2,5758;2,5758;2,5758;2,5758;121;311
2010-01-29;2,69601;2,69601;2,69601;2,69601;926;2.496
2010-01-28;2,74752;2,74752;2,74752;2,74752;12;32
2010-01-26;2,66166;2,66166;2,66166;2,66166;2.213;5.890
2010-01-25;2,66166;2,66166;2,66166;2,66166;2;5
2010-01-22;2,48994;2,48994;2,48994;2,48994;5;11
2010-01-20;2,74752;2,74752;2,74752;2,74752;1;3
2010-01-18;2,74752;2,74752;2,74752;2,74752;645;1.773
2010-01-15;2,74752;2,74752;2,74752;2,74752;692;1.900
2010-01-14;2,83338;2,83338;2,83338;2,83338;181;513
2010-01-13;2,83338;2,83338;2,83338;2,83338;450;1.276
2010-01-12;2,79904;2,79904;2,79904;2,79904;335;939
2010-01-11;2,79904;2,79904;2,79904;2,79904;227;635
2010-01-08;2,83338;2,83338;2,83338;2,83338;58;165
2010-01-07;2,74752;2,74752;2,74752;2,74752;38;103
2010-01-06;2,76469;2,76469;2,76469;2,76469;190;526
2010-01-05;2,76469;2,76469;2,76469;2,76469;116;322
2010-01-04;2,76469;2,76469;2,76469;2,76469;77;214
2009-12-30;2,74752;2,74752;2,74752;2,74752;323;888
2009-12-29;2,78187;2,78187;2,78187;2,78187;445;1.237
2009-12-28;2,83338;2,83338;2,83338;2,83338;123;348
2009-12-23;2,85055;2,85055;2,85055;2,85055;245;697
2009-12-22;2,85055;2,85055;2,85055;2,85055;8;24
2009-12-21;2,85055;2,85055;2,85055;2,85055;2.970;8.466
2009-12-18;2,91924;2,91924;2,91924;2,91924;125;364
2009-12-17;2,91924;2,91924;2,91924;2,91924;35;102
2009-12-16;2,91924;2,91924;2,91924;2,91924;49;145
2009-12-15;3,07379;3,07379;3,07379;3,07379;466;1.432
2009-12-14;2,97076;2,97076;2,97076;2,97076;184;547
2009-12-11;2,86773;2,86773;2,86773;2,86773;29;84
2009-12-10;2,8849;2,8849;2,8849;2,8849;134;386
2009-12-09;3,07379;3,07379;3,07379;3,07379;8.735;26.850
2009-12-07;2,91924;2,91924;2,91924;2,91924;75;220
2009-12-03;2,93641;2,93641;2,93641;2,93641;847;2.487
2009-12-02;2,91924;2,91924;2,91924;2,91924;151;442
2009-12-01;2,91924;2,91924;2,91924;2,91924;312;910
2009-11-30;2,91924;2,91924;2,91924;2,91924;157;459
2009-11-27;3,02227;3,02227;3,02227;3,02227;4.076;12.320
2009-11-26;2,91924;2,91924;2,91924;2,91924;2.530;7.387
2009-11-25;3,0051;3,0051;3,0051;3,0051;168;505
2009-11-24;3,26268;3,26268;3,26268;3,26268;29;95
2009-11-23;3,34854;3,34854;3,34854;3,34854;1.317;4.409
2009-11-20;3,09096;3,09096;3,09096;3,09096;582;1.800
2009-11-19;2,8849;2,8849;2,8849;2,8849;58;168
2009-11-18;2,91924;2,91924;2,91924;2,91924;108;315
2009-11-17;2,90207;2,90207;2,90207;2,90207;263;762
2009-11-16;2,95359;2,95359;2,95359;2,95359;189;559
2009-11-13;2,91924; ; ;2,91924;0;0
2009-11-12;2,91924;2,91924;2,91924;2,91924;278;811
2009-11-11;2,91924;2,91924;2,91924;2,91924;58;170
2009-11-10; ; ; ;2,91924;0;0
2009-11-09;2,83338; ; ;2,83338;0;0
2009-11-06;2,83338;2,83338;2,83338;2,83338;157;446
2009-11-05;2,91924;2,91924;2,91924;2,91924;15;45
2009-11-04;2,91924;2,91924;2,91924;2,91924;437;1.275
2009-11-03;2,91924;2,91924;2,91924;2,91924;1.805;5.270
2009-11-02;3,09096; ; ;3,09096;0;0
2009-10-30;3,09096;3,09096;3,09096;3,09096;113;348
2009-10-29;3,09096;3,09096;3,09096;3,09096;670;2.070
2009-10-28;3,15965;3,15965;3,15965;3,15965;745;2.355
2009-10-27;2,91924;2,91924;2,91924;2,91924;291;850
2009-10-26;3,29703;3,29703;3,29703;3,29703;291;960
2009-10-23;3,22834;3,22834;3,22834;3,22834;146;470
2009-10-22;3,22834;3,22834;3,22834;3,22834;291;940
2009-10-21;3,33137;3,33137;3,33137;3,33137;204;679
2009-10-20;3,57178;3,57178;3,57178;3,57178;699;2.496
2009-10-19;3,77784;3,77784;3,77784;3,77784;317;1.199
2009-10-16;3,79501;3,79501;3,79501;3,79501;582;2.210
2009-10-15;3,8637;3,8637;3,8637;3,8637;2.487;9.608
2009-10-14;3,46875;3,46875;3,46875;3,46875;1.630;5.656
2009-10-13;3,26268;3,26268;3,26268;3,26268;582;1.900
2009-10-12;3,09096;3,09096;3,09096;3,09096;237;733
2009-10-09;2,97076; ; ;2,97076;0;0
2009-10-08;2,97076;2,97076;2,97076;2,97076;110;328
2009-10-07;3,03945; ; ;3,03945;0;0
2009-10-06; ; ; ;3,17682;0;0
2009-10-05;3,17682;3,17682;3,17682;3,17682;31;98
2009-10-02;3,10813; ; ;3,10813;0;0
2009-10-01; ; ; ;3,26268;0;0
2009-09-30;3,26268;3,26268;3,26268;3,26268;582;1.900
2009-09-29;3,26268;3,26268;3,26268;3,26268;582;1.900
2009-09-28; ; ; ;2,83338;0;0
2009-09-25;2,83338;2,83338;2,83338;2,83338;76;215
2009-09-24;3,24551;3,24551;3,24551;3,24551;87;284
2009-09-23;3,24551;3,24551;3,24551;3,24551;262;851
2009-09-22;2,83338; ; ;2,83338;0;0
2009-09-21;2,83338;2,83338;2,83338;2,83338;2;7
2009-09-18;3,22834;3,22834;3,22834;3,22834;874;2.820
2009-09-17;3,21117; ; ;3,21117;0;0
2009-09-16;3,14248; ; ;3,14248;0;0
2009-09-15;3,14248;3,14248;3,14248;3,14248;8;26
2009-09-14;3,09096; ; ;3,09096;0;0
2009-09-11;3,09096;3,09096;3,09096;3,09096;138;428
2009-09-10;3,09096;3,09096;3,09096;3,09096;58;180
2009-09-09;3,38289;3,38289;3,38289;3,38289;3.117;10.545
2009-09-08;3,26268;3,26268;3,26268;3,26268;1.398;4.560
2009-09-07;2,91924; ; ;2,91924;0;0
2009-09-04;2,91924;2,91924;2,91924;2,91924;51;150
2009-09-03;2,95359; ; ;2,95359;0;0
2009-09-02;2,83338; ; ;2,83338;0;0
2009-09-01;2,83338;2,83338;2,83338;2,83338;6;17
2009-08-31;3,0051;3,0051;3,0051;3,0051;133;400
2009-08-28;3,07379;3,07379;3,07379;3,07379;52;161
2009-08-27;3,48592;3,48592;3,48592;3,48592;1.015;3.537
2009-08-26;3,0051;3,0051;3,0051;3,0051;9;26
2009-08-25;3,15965; ; ;3,15965;0;0
2009-08-24;3,14248; ; ;3,14248;0;0
2009-08-21;3,14248;3,14248;3,14248;3,14248;641;2.013
2009-08-20;3,12531;3,12531;3,12531;3,12531;3.494;10.920
2009-08-19;2,98793;2,98793;2,98793;2,98793;2.337;6.983
2009-08-18;2,74752;2,74752;2,74752;2,74752;212;584
2009-08-17;2,74752;2,74752;2,74752;2,74752;0;1
2009-08-13;3,26268;3,26268;3,26268;3,26268;9.900;32.300
2009-08-12;3,27985;3,27985;3,27985;3,27985;148;487
2009-08-11;3,4344;3,4344;3,4344;3,4344;1.264;4.342
2009-08-10;3,48592;3,48592;3,48592;3,48592;7.794;27.170
2009-08-07;3,09096;3,09096;3,09096;3,09096;1.807;5.585
2009-08-06;3,26268;3,26268;3,26268;3,26268;4.222;13.775
2009-08-05;2,95359;2,95359;2,95359;2,95359;495;1.462
2009-08-04;2,8849;2,8849;2,8849;2,8849;1.747;5.040
2009-08-03;2,74752;2,74752;2,74752;2,74752;1.165;3.200
2009-07-29;2,71318;2,71318;2,71318;2,71318;425;1.153
2009-07-24;2,5758;2,5758;2,5758;2,5758;1.747;4.500
2009-07-22;2,91924;2,91924;2,91924;2,91924;466;1.360
2009-07-20;2,5758;2,5758;2,5758;2,5758;12;30
2009-07-15;2,62732;2,62732;2,62732;2,62732;1.747;4.590
2009-07-10;2,54146;2,54146;2,54146;2,54146;273;694
2009-07-06;2,48994;2,48994;2,48994;2,48994;75;188
2009-07-03;2,66166;2,66166;2,66166;2,66166;204;542
2009-06-26;2,40408;2,40408;2,40408;2,40408;12;29
2009-06-23;2,40408;2,40408;2,40408;2,40408;12;28
2009-06-18;2,40408;2,40408;2,40408;2,40408;29;70
2009-06-17;2,40408;2,40408;2,40408;2,40408;641;1.540
2009-06-16;2,42125;2,42125;2,42125;2,42125;11;26
2009-06-10;2,48994;2,48994;2,48994;2,48994;40;99
2009-06-09;2,59297;2,59297;2,59297;2,59297;116;302
2009-06-08;2,5758;2,5758;2,5758;2,5758;67;173
2009-06-05;2,4556;2,4556;2,4556;2,4556;100;246
2009-06-04;2,86773;2,86773;2,86773;2,86773;291;835
2009-06-03;2,48994;2,48994;2,48994;2,48994;55;137
2009-06-01;2,90207;2,90207;2,90207;2,90207;81;235
2009-05-26;2,74752;2,74752;2,74752;2,74752;12;32
2009-05-25;2,83338;2,83338;2,83338;2,83338;1.497;4.241
2009-05-18;2,40408;2,40408;2,40408;2,40408;17;42
2009-05-15;2,40408;2,40408;2,40408;2,40408;2;5
2009-05-14;2,74752;2,74752;2,74752;2,74752;179;492
2009-05-13;2,40408;2,40408;2,40408;2,40408;23;56
2009-05-12;2,5758;2,5758;2,5758;2,5758;291;750
2009-05-08;2,5758;2,5758;2,5758;2,5758;541;1.395
2009-05-07;2,5758;2,5758;2,5758;2,5758;641;1.650
2009-05-06;2,66166;2,66166;2,66166;2,66166;727;1.934
2009-05-05;2,74752;2,74752;2,74752;2,74752;6;16
2009-05-04;2,74752;2,74752;2,74752;2,74752;906;2.488
2009-04-28;2,74752;2,74752;2,74752;2,74752;87;240
2009-04-27;2,76469;2,76469;2,76469;2,76469;526;1.454
2009-04-24;2,74752;2,74752;2,74752;2,74752;865;2.376
2009-04-23;2,71318;2,71318;2,71318;2,71318;244;662
2009-04-22;2,95359;2,95359;2,95359;2,95359;29;86
2009-04-21;2,5758;2,5758;2,5758;2,5758;30;77
2009-04-20;2,42125;2,42125;2,42125;2,42125;379;918
2009-04-17;2,40408;2,40408;2,40408;2,40408;1;3
2009-04-16;2,55863;2,55863;2,55863;2,55863;9;22
2009-04-15;2,5758;2,5758;2,5758;2,5758;2;5
2009-04-09;2,5758;2,5758;2,5758;2,5758;133;341
2009-04-08;2,40408;2,40408;2,40408;2,40408;146;350
2009-04-02; ; ; ;2,23236;12;26
2009-04-01;2,66166;2,66166;2,66166;2,66166;233;620
2009-03-31;2,78187;2,78187;2,78187;2,78187;25;69
2009-03-30;2,83338;2,83338;2,83338;2,83338;524;1.485
2009-03-26;2,79904;2,79904;2,79904;2,79904;8.828;24.711
2009-03-25;2,74752;2,74752;2,74752;2,74752;291;800
2009-03-23;2,66166;2,66166;2,66166;2,66166;83;222
2009-03-18;3,09096;3,09096;3,09096;3,09096;594;1.836
2009-03-12;3,17682;3,17682;3,17682;3,17682;54;170
2009-03-11;3,17682;3,17682;3,17682;3,17682;2.456;7.803
2009-03-10;2,8849;2,8849;2,8849;2,8849;87;252
2009-03-09;2,90207;2,90207;2,90207;2,90207;3.494;10.140
2009-03-06;2,83338;2,83338;2,83338;2,83338;1.689;4.785
2009-03-05;2,59297;2,59297;2,59297;2,59297;1.514;3.926
2009-03-03;2,06064;2,06064;2,06064;2,06064;29;60
2009-03-02;2,06064;2,06064;2,06064;2,06064;56;116
2009-02-26;1,7172;1,7172;1,7172;1,7172;58;100
2009-02-25;1,92326;1,92326;1,92326;1,92326;151;291
2009-02-23;2,31822;2,31822;2,31822;2,31822;4.061;9.414
2009-02-20;2,66166;2,66166;2,66166;2,66166;4;10
2009-02-17;2,40408;2,40408;2,40408;2,40408;379;910
2009-02-16;2,40408;2,40408;2,40408;2,40408;240;577
2009-02-12;2,74752;2,74752;2,74752;2,74752;107;294
2009-02-10;2,74752;2,74752;2,74752;2,74752;175;480
2009-02-09;3,41723;3,41723;3,41723;3,41723;1.951;6.667
2009-02-06;3,4344;3,4344;3,4344;3,4344;611;2.100
2009-02-04;3,62329;3,62329;3,62329;3,62329;1.924;6.971
2009-02-03;3,53743;3,53743;3,53743;3,53743;874;3.090
2009-02-02;3,48592;3,48592;3,48592;3,48592;1.373;4.785
2009-01-30;3,60612;3,60612;3,60612;3,60612;4.705;16.968
2009-01-29;3,27985;3,27985;3,27985;3,27985;5.072;16.636
2009-01-28;3,21117;3,21117;3,21117;3,21117;10.845;34.826
2009-01-27;2,91924;2,91924;2,91924;2,91924;4.950;14.450
2009-01-26;2,74752;2,74752;2,74752;2,74752;87;240
2009-01-23;2,74752;2,74752;2,74752;2,74752;5.967;16.394
2009-01-22;2,59297;2,59297;2,59297;2,59297;5.722;14.837
2009-01-19;2,31822;2,31822;2,31822;2,31822;595;1.379
2009-01-16;2,24953;2,24953;2,24953;2,24953;3.519;7.917
2009-01-15;2,24953;2,24953;2,24953;2,24953;884;1.988
2009-01-14;2,36974;2,36974;2,36974;2,36974;462;1.094
2009-01-13;2,54146;2,54146;2,54146;2,54146;58;148
2009-01-09;2,50711;2,50711;2,50711;2,50711;3.018;7.568
2009-01-08;2,4556;2,4556;2,4556;2,4556;1.502;3.689
2009-01-07;2,40408;2,40408;2,40408;2,40408;5.249;12.618
2009-01-06;2,5758;2,5758;2,5758;2,5758;1.747;4.500
2009-01-05;2,42125;2,42125;2,42125;2,42125;2.388;5.781
2009-01-02;2,52429;2,52429;2,52429;2,52429;1.165;2.940
2008-12-30;2,23236;2,23236;2,23236;2,23236;256;572
2008-12-29;2,23236;2,23236;2,23236;2,23236;2.038;4.550
2008-12-23;2,16367;2,16367;2,16367;2,16367;1.747;3.780
2008-12-22;2,23236;2,23236;2,23236;2,23236;408;910
2008-12-19;2,23236;2,23236;2,23236;2,23236;7.030;15.694
2008-12-18;2,23236;2,23236;2,23236;2,23236;291;650
2008-12-17;2,40408;2,40408;2,40408;2,40408;1.279;3.075
2008-12-16;2,40408;2,40408;2,40408;2,40408;770;1.850
2008-12-15;2,52429;2,52429;2,52429;2,52429;5.813;14.673
2008-12-12;2,06064;2,06064;2,06064;2,06064;4.401;9.070
2008-12-11;1,8374;1,8374;1,8374;1,8374;2.789;5.125
2008-12-10;1,47679;1,47679;1,47679;1,47679;77;113
2008-12-09;1,44245;1,44245;1,44245;1,44245;805;1.161
2008-12-08;1,44245;1,44245;1,44245;1,44245;3.095;4.465
2008-12-05;1,37376;1,37376;1,37376;1,37376;21;28
2008-12-04;1,4081;1,4081;1,4081;1,4081;981;1.382
2008-12-03;1,44245;1,44245;1,44245;1,44245;1.805;2.604
2008-12-02;1,33942;1,33942;1,33942;1,33942;82;109
2008-12-01;1,45962;1,45962;1,45962;1,45962;61;88
2008-11-28;1,37376;1,37376;1,37376;1,37376;9.878;13.570
2008-11-27;1,45962;1,45962;1,45962;1,45962;11.787;17.204
2008-11-26;1,39093;1,39093;1,39093;1,39093;48;66
2008-11-25;1,23638;1,23638;1,23638;1,23638;9.803;12.120
2008-11-24;1,23638;1,23638;1,23638;1,23638;233;288
2008-11-21;0,84143;0,84143;0,84143;0,84143;58;49
2008-11-20;1,25356;1,25356;1,25356;1,25356;4.197;5.261
2008-11-19;1,15052;1,15052;1,15052;1,15052;115;133
2008-11-18;1,15052;1,15052;1,15052;1,15052;14;16
2008-11-14;1,11618;1,11618;1,11618;1,11618;395;441
2008-11-13;1,11618;1,11618;1,11618;1,11618;341;381
2008-11-12;1,06466;1,06466;1,06466;1,06466;2.857;3.041
2008-11-11;0,87577;0,87577;0,87577;0,87577;17;14
2008-11-10;0,87577;0,87577;0,87577;0,87577;8;7
2008-11-07;1,11618;1,11618;1,11618;1,11618;4.170;4.654
2008-11-06;0,8586;0,8586;0,8586;0,8586;70;60
2008-11-05;0,8586;0,8586;0,8586;0,8586;306;262
2008-11-04;0,82426;0,82426;0,82426;0,82426;122;101
2008-11-03;0,84143;0,84143;0,84143;0,84143;6;5
2008-10-31;0,78991;0,78991;0,78991;0,78991;306;242
2008-10-30;0,77274;0,77274;0,77274;0,77274;291;225
2008-10-29;0,78991;0,78991;0,78991;0,78991;2.335;1.845
2008-10-28;0,77274;0,77274;0,77274;0,77274;11.065;8.550
2008-10-24;0,8586;0,8586;0,8586;0,8586;116;100
2008-10-22;0,68688;0,68688;0,68688;0,68688;128;88
2008-10-20;0,8586;0,8586;0,8586;0,8586;582;500
2008-10-17;0,78991;0,78991;0,78991;0,78991;379;299
2008-10-16;0,8586;0,8586;0,8586;0,8586;23;20
2008-10-15;0,89294;0,89294;0,89294;0,89294;4.107;3.667
2008-10-14;0,87577;0,87577;0,87577;0,87577;4.202;3.680
2008-10-13;0,77274;0,77274;0,77274;0,77274;3.049;2.356
2008-10-09;0,80708;0,80708;0,80708;0,80708;999;806
2008-10-08;0,82426;0,82426;0,82426;0,82426;148;122
2008-10-07;0,8586;0,8586;0,8586;0,8586;2.301;1.975
2008-10-06;0,82426;0,82426;0,82426;0,82426;17;14
2008-10-03;0,8586;0,8586;0,8586;0,8586;80;68
2008-10-02;0,82426;0,82426;0,82426;0,82426;146;120
2008-10-01;0,77274;0,77274;0,77274;0,77274;352;272
2008-09-30;0,92729;0,92729;0,92729;0,92729;2.307;2.139
2008-09-29;1,03032;1,03032;1,03032;1,03032;5;5
2008-09-24;1,03032;1,03032;1,03032;1,03032;58;60
2008-09-23;1,03032;1,03032;1,03032;1,03032;175;180
2008-09-22;1,11618;1,11618;1,11618;1,11618;1;1
2008-09-19;1,20204;1,20204;1,20204;1,20204;408;490
2008-09-18;1,20204;1,20204;1,20204;1,20204;2.271;2.730
2008-09-17;1,25356;1,25356;1,25356;1,25356;1.631;2.044
2008-09-16;1,23638;1,23638;1,23638;1,23638;1.165;1.440
2008-09-15;0,94446;0,94446;0,94446;0,94446;349;330
2008-09-12;0,94446;0,94446;0,94446;0,94446;58;55
2008-09-11;1,27073;1,27073;1,27073;1,27073;198;252
2008-09-10;0,8586;0,8586;0,8586;0,8586;17;14
2008-09-09;1,2879;1,2879;1,2879;1,2879;582;750
2008-09-08;1,23638;1,23638;1,23638;1,23638;196;242
2008-09-04;1,30507;1,30507;1,30507;1,30507;1.305;1.703
2008-09-03;1,44245;1,44245;1,44245;1,44245;1.223;1.764
2008-09-02;1,49396;1,49396;1,49396;1,49396;1.447;2.161
2008-08-29;0,92729;0,92729;0,92729;0,92729;76;70
2008-08-28;0,96163;0,96163;0,96163;0,96163;387;372
2008-08-27;1,23638;1,23638;1,23638;1,23638;641;792
2008-08-26;1,20204;1,20204;1,20204;1,20204;1.182;1.421
2008-08-25;1,15052;1,15052;1,15052;1,15052;5.494;6.321
2008-08-22;0,91012;0,91012;0,91012;0,91012;46;41
2008-08-21;0,77274;0,77274;0,77274;0,77274;82;63
2008-08-19;0,72122;0,72122;0,72122;0,72122;181;130
2008-08-07;0,87577;0,87577;0,87577;0,87577;2.019;1.768
2008-07-30;0,94446;0,94446;0,94446;0,94446;58;55
2008-07-25;0,94446;0,94446;0,94446;0,94446;832;786
2008-07-24;0,94446;0,94446;0,94446;0,94446;8.386;7.920
2008-07-23;0,94446;0,94446;0,94446;0,94446;903;853
2008-07-22;0,99598;0,99598;0,99598;0,99598;44;44
2008-07-18;0,99598;0,99598;0,99598;0,99598;281;280
2008-07-17;1,03032;1,03032;1,03032;1,03032;175;180
2008-07-16;0,99598;0,99598;0,99598;0,99598;760;757
2008-07-15;0,99598;0,99598;0,99598;0,99598;175;174
2008-07-11;0,94446;0,94446;0,94446;0,94446;116;110
2008-07-09;0,94446;0,94446;0,94446;0,94446;79;75
2008-07-08;0,94446;0,94446;0,94446;0,94446;193;182
2008-07-07;0,9788;0,9788;0,9788;0,9788;1.790;1.753
2008-07-03;0,94446;0,94446;0,94446;0,94446;123;117
2008-07-02;0,94446;0,94446;0,94446;0,94446;23;22
2008-07-01;0,89294;0,89294;0,89294;0,89294;181;161
2008-06-30;1,13335;1,13335;1,13335;1,13335;5.823;6.600
2008-06-27;0,94446;0,94446;0,94446;0,94446;12;11
2008-06-25;1,11618;1,11618;1,11618;1,11618;137;153
2008-06-24;1,32224;1,32224;1,32224;1,32224;1;2
2008-06-23;1,32224;1,32224;1,32224;1,32224;349;462
2008-06-20;1,11618;1,11618;1,11618;1,11618;32;36
2008-06-19;1,37376;1,37376;1,37376;1,37376;15.840;21.761
2008-06-18;1,15052;1,15052;1,15052;1,15052;8;9
2008-06-17;0,94446;0,94446;0,94446;0,94446;132;125
2008-06-16;1,01315;1,01315;1,01315;1,01315;623;631
2008-06-11;0,91012;0,91012;0,91012;0,91012;15;14
2008-06-09;1,03032;1,03032;1,03032;1,03032;365;376
2008-06-04;0,91012;0,91012;0,91012;0,91012;15;14
2008-05-30;1,1677;1,1677;1,1677;1,1677;1.578;1.843
2008-05-29;1,03032;1,03032;1,03032;1,03032;116;120
2008-05-28;1,03032;1,03032;1,03032;1,03032;1;1
2008-05-27;1,20204;1,20204;1,20204;1,20204;79;95
2008-05-26;1,20204;1,20204;1,20204;1,20204;412;495
2008-05-22;1,15052;1,15052;1,15052;1,15052;9;10
2008-05-21;1,15052;1,15052;1,15052;1,15052;186;214
2008-05-16;1,15052;1,15052;1,15052;1,15052;29;34
2008-05-15;1,11618;1,11618;1,11618;1,11618;8;8
2008-05-13;1,11618;1,11618;1,11618;1,11618;58;65
2008-05-12;1,09901;1,09901;1,09901;1,09901;73;80
2008-05-09;1,20204;1,20204;1,20204;1,20204;116;140
2008-05-08;1,09901;1,09901;1,09901;1,09901;411;452
2008-05-06;1,09901;1,09901;1,09901;1,09901;59;64
2008-05-05;1,15052;1,15052;1,15052;1,15052;874;1.005
2008-05-02;1,09901;1,09901;1,09901;1,09901;409;449
2008-04-30;1,09901;1,09901;1,09901;1,09901;7;8
2008-04-29;1,11618;1,11618;1,11618;1,11618;128;143
2008-04-28;1,1677;1,1677;1,1677;1,1677;291;340
2008-04-24;1,09901;1,09901;1,09901;1,09901;2.912;3.200
2008-04-23;0,9788;0,9788;0,9788;0,9788;198;194
2008-04-22;0,92729;0,92729;0,92729;0,92729;2.929;2.716
2008-04-21;0,91012;0,91012;0,91012;0,91012;45;41
2008-04-18;1,20204;1,20204;1,20204;1,20204;4.397;5.285
2008-04-17;0,91012;0,91012;0,91012;0,91012;29;27
2008-04-16;1,20204;1,20204;1,20204;1,20204;600;721
2008-04-14;1,13335;1,13335;1,13335;1,13335;2.915;3.303
2008-04-11;0,91012;0,91012;0,91012;0,91012;175;159
2008-04-10;0,92729;0,92729;0,92729;0,92729;262;243
2008-04-09;1,13335;1,13335;1,13335;1,13335;1.339;1.518
2008-04-08;1,15052;1,15052;1,15052;1,15052;291;335
2008-04-07;0,99598;0,99598;0,99598;0,99598;3.960;3.944
2008-04-04;1,03032;1,03032;1,03032;1,03032;598;616
2008-04-03;1,21921;1,21921;1,21921;1,21921;146;178
2008-04-02;1,27073;1,27073;1,27073;1,27073;582;740
2008-04-01;1,20204;1,20204;1,20204;1,20204;621;746
2008-03-31;1,18487;1,18487;1,18487;1,18487;2.650;3.140
2008-03-28;1,30507;1,30507;1,30507;1,30507;12.958;16.911
2008-03-27;0,60102;0,60102;0,60102;0,60102;408;245
2008-03-26;0,58385;0,58385;0,58385;0,58385;2.749;1.605
2008-03-25;0,68688;0,68688;0,68688;0,68688;89;61
2008-03-20;0,53233;0,53233;0,53233;0,53233;51;27
2008-03-19;0,56668;0,56668;0,56668;0,56668;1.283;727
2008-03-18;0,51516;0,51516;0,51516;0,51516;383;197
2008-03-17;0,66971;0,66971;0,66971;0,66971;571;382
2008-03-14;0,63536;0,63536;0,63536;0,63536;248;158
2008-03-13;0,63536;0,63536;0,63536;0,63536;12;8
2008-03-12;0,7384;0,7384;0,7384;0,7384;3.028;2.236
2008-03-11;0,7384;0,7384;0,7384;0,7384;419;310
2008-03-10;0,77274;0,77274;0,77274;0,77274;1.076;832
2008-03-07;0,77274;0,77274;0,77274;0,77274;147;113
2008-03-06;0,77274;0,77274;0,77274;0,77274;1.676;1.295
2008-03-05;0,78991;0,78991;0,78991;0,78991;1.604;1.267
2008-03-04;0,84143;0,84143;0,84143;0,84143;143;120
2008-02-29;0,77274;0,77274;0,77274;0,77274;35;27
2008-02-27;0,77274;0,77274;0,77274;0,77274;162;125
2008-02-26;0,77274;0,77274;0,77274;0,77274;247;191
2008-02-25;0,78991;0,78991;0,78991;0,78991;9;7
2008-02-22;0,77274;0,77274;0,77274;0,77274;14;11
2008-02-21;0,77274;0,77274;0,77274;0,77274;10;8
2008-02-20;0,8586;0,8586;0,8586;0,8586;41;35
2008-02-19;0,8586;0,8586;0,8586;0,8586;218;187
2008-02-18;0,77274;0,77274;0,77274;0,77274;2.937;2.270
2008-02-15;0,77274;0,77274;0,77274;0,77274;3;2
2008-02-13;0,77274;0,77274;0,77274;0,77274;291;225
2008-02-12;0,8586;0,8586;0,8586;0,8586;124;107
2008-02-11;1,03032;1,03032;1,03032;1,03032;155;160
2008-02-08;0,8586;0,8586;0,8586;0,8586;297;255
2008-02-07;0,8586;0,8586;0,8586;0,8586;2.008;1.724
2008-02-06;0,8586;0,8586;0,8586;0,8586;25;22
2008-02-05;0,8586;0,8586;0,8586;0,8586;887;761
2008-02-04;0,8586;0,8586;0,8586;0,8586;3.203;2.750
2008-02-01;0,8586;0,8586;0,8586;0,8586;2.329;2.000
2008-01-31;0,8586;0,8586;0,8586;0,8586;346;297
2008-01-30;0,91012;0,91012;0,91012;0,91012;237;215
2008-01-29;0,92729;0,92729;0,92729;0,92729;3.203;2.970
2008-01-28;0,94446;0,94446;0,94446;0,94446;582;550
2008-01-25;0,8586;0,8586;0,8586;0,8586;116;100
2008-01-24;0,8586;0,8586;0,8586;0,8586;874;750
2008-01-23;0,8586;0,8586;0,8586;0,8586;641;550
2008-01-22;0,84143;0,84143;0,84143;0,84143;13.163;11.076
2008-01-21;0,94446;0,94446;0,94446;0,94446;1.359;1.283
2008-01-18;0,94446;0,94446;0,94446;0,94446;119;112
2008-01-17;0,94446;0,94446;0,94446;0,94446;821;775
2008-01-16;0,96163;0,96163;0,96163;0,96163;6.078;5.845
2008-01-15;1,01315;1,01315;1,01315;1,01315;291;295
2008-01-14;0,99598;0,99598;0,99598;0,99598;1.950;1.942
2008-01-11;0,89294;0,89294;0,89294;0,89294;32;28
2008-01-10;1,03032;1,03032;1,03032;0,89294;32;28
2008-01-09;1,03032;1,03032;1,03032;1,03032;2.621;2.700
2008-01-08;1,01315;1,01315;1,01315;1,01315;664;673
2008-01-07;0,9788;0,9788;0,9788;0,9788;2.547;2.493
2008-01-04; ; ; ;0,99598;5;5
2008-01-03;0,8586;0,8586;0,8586;0,8586;10;9
2008-01-02;1,03032;1,03032;1,03032;1,03032;140;144
2007-12-28;1,03032;1,03032;1,03032;1,03032;896;923
2007-12-27;1,06466;1,06466;1,06466;1,06466;1.545;1.645
2007-12-21;1,08184;1,08184;1,08184;1,08184;582;630
2007-12-20;1,03032;1,03032;1,03032;1,03032;434;447
2007-12-19; ; ; ;1,08184;1.288;1.394
2007-12-18; ; ; ;1,11618;140;156
2007-12-17; ; ; ;1,11618;41;46
2007-12-14;1,11618;1,11618;1,11618;1,11618;582;650
2007-12-13;1,03032;1,03032;1,03032;1,03032;175;180
2007-12-12;1,11618;1,11618;1,11618;1,11618;860;960
2007-12-11;1,08184;1,08184;1,08184;1,08184;21;23
2007-12-10;1,08184;1,08184;1,08184;1,08184;49;53
2007-12-07;1,1677;1,1677;1,1677;1,1677;1.792;2.093
2007-12-06;1,13335;1,13335;1,13335;1,13335;1.165;1.320
2007-12-04;1,1677;1,1677;1,1677;1,1677;4.659;5.440
2007-12-03;1,20204;1,20204;1,20204;1,20204;1.052;1.264
2007-11-30;1,18487;1,18487;1,18487;1,18487;466;552
2007-11-29;1,13335;1,13335;1,13335;1,13335;135;153
2007-11-28;1,13335;1,13335;1,13335;1,13335;303;343
2007-11-26;1,18487;1,18487;1,18487;1,18487;1.755;2.079
2007-11-23;0,96163;0,96163;0,96163;0,96163;744;715
2007-11-22;0,75557;0,75557;0,75557;0,75557;25;19
2007-11-21;0,8586;0,8586;0,8586;0,8586;5.888;5.056
2007-11-20;0,8586;0,8586;0,8586;0,8586;232;199
2007-11-19;0,8586;0,8586;0,8586;0,8586;96;83
2007-11-16;0,94446;0,94446;0,94446;0,94446;1.980;1.870
2007-11-15;0,87577;0,87577;0,87577;0,87577;373;326
2007-11-14;0,89294;0,89294;0,89294;0,89294;101;90
2007-11-13;0,94446;0,94446;0,94446;0,94446;6.527;6.165
2007-11-12;0,89294;0,89294;0,89294;0,89294;371;331
2007-11-09;0,96163;0,96163;0,96163;0,96163;87;84
2007-11-08;0,92729;0,92729;0,92729;0,92729;291;270
2007-11-07;0,96163;0,96163;0,96163;0,96163;1.893;1.821
2007-11-06;0,96163;0,96163;0,96163;0,96163;1.524;1.465
2007-11-05;0,94446;0,94446;0,94446;0,94446;2.803;2.647
2007-11-02;1,03032;1,03032;1,03032;1,03032;8.153;8.400
2007-10-31;0,94446;0,94446;0,94446;0,94446;49;46
2007-10-30;0,94446;0,94446;0,94446;0,94446;7.564;7.144
2007-10-29;1,11618;1,11618;1,11618;1,11618;2.271;2.535
2007-10-26;1,06466;1,06466;1,06466;1,06466;3.065;3.263
2007-10-25;1,13335;1,13335;1,13335;1,13335;6.778;7.681
2007-10-24;1,18487;1,18487;1,18487;1,18487;398;472
2007-10-23;1,20204;1,20204;1,20204;1,20204;986;1.186
2007-10-22;1,20204;1,20204;1,20204;1,20204;174;209
2007-10-19;1,20204;1,20204;1,20204;1,20204;13;15
2007-10-18;1,20204;1,20204;1,20204;1,20204;582;700
2007-10-17;1,13335;1,13335;1,13335;1,13335;44;50
2007-10-16;1,13335;1,13335;1,13335;1,13335;132;150
2007-10-15;1,1677;1,1677;1,1677;1,1677;87;102
2007-10-12;1,21921;1,21921;1,21921;1,21921;3.293;4.015
2007-10-11;1,20204;1,20204;1,20204;1,20204;4.777;5.743
2007-10-10;1,20204;1,20204;1,20204;1,20204;2.912;3.500
2007-10-09;0,9788;0,9788;0,9788;0,9788;58;57
2007-10-08;1,20204;1,20204;1,20204;1,20204;1.584;1.904
2007-10-05;1,20204;1,20204;1,20204;1,20204;633;761
2007-10-04;1,2879;1,2879;1,2879;1,2879;29;38
2007-10-03;1,20204;1,20204;1,20204;1,20204;582;700
2007-10-02;1,30507;1,30507;1,30507;1,30507;5.823;7.600
2007-10-01;1,20204;1,20204;1,20204;1,20204;470;565
2007-09-28;1,21921;1,21921;1,21921;1,21921;31;38
2007-09-27;1,21921;1,21921;1,21921;1,21921;1.374;1.676
2007-09-26;1,20204;1,20204;1,20204;1,20204;2.126;2.556
2007-09-25;1,21921;1,21921;1,21921;1,21921;990;1.207
2007-09-24;1,25356;1,25356;1,25356;1,25356;6;7
2007-09-21;1,21921;1,21921;1,21921;1,21921;2.119;2.584
2007-09-17;1,23638;1,23638;1,23638;1,23638;1;1
2007-09-14;1,27073;1,27073;1,27073;1,27073;151;192
2007-09-13;1,30507;1,30507;1,30507;1,30507;2.912;3.800
2007-09-12;1,23638;1,23638;1,23638;1,23638;332;410
2007-09-11;1,23638;1,23638;1,23638;1,23638;8;10
2007-09-10;1,23638;1,23638;1,23638;1,23638;15;18
2007-09-07;1,27073;1,27073;1,27073;1,27073;291;370
2007-09-06;1,23638;1,23638;1,23638;1,23638;169;209
2007-09-05;1,27073;1,27073;1,27073;1,27073;54;68
2007-09-03;1,21921;1,21921;1,21921;1,21921;175;213
2007-08-31;1,27073;1,27073;1,27073;1,27073;582;740
2007-08-30;1,21921;1,21921;1,21921;1,21921;116;142
2007-08-29;1,21921;1,21921;1,21921;1,21921;119;146
2007-08-27;1,20204;1,20204;1,20204;1,20204;186;224
2007-08-23;1,30507;1,30507;1,30507;1,30507;3.086;4.028
2007-08-22;1,25356;1,25356;1,25356;1,25356;262;328
2007-08-21;1,25356;1,25356;1,25356;1,25356;3.348;4.198
2007-08-20;1,2879;1,2879;1,2879;1,2879;236;304
2007-08-17;1,20204;1,20204;1,20204;1,20204;131;157
2007-08-16;1,25356;1,25356;1,25356;1,25356;2.329;2.920
2007-08-15;1,27073;1,27073;1,27073;1,27073;1.339;1.702
2007-08-14;1,27073;1,27073;1,27073;1,27073;582;740
2007-08-13;1,37376;1,37376;1,37376;1,37376;6;8
2007-08-10;1,37376;1,37376;1,37376;1,37376;1.178;1.618
2007-08-09;1,4081;1,4081;1,4081;1,4081;2.430;3.421
2007-08-08;1,45962;1,45962;1,45962;1,45962;23;34
2007-08-07;1,49396;1,49396;1,49396;1,49396;3.261;4.872
2007-08-06;1,37376;1,37376;1,37376;1,37376;154;212
2007-08-03;1,45962;1,45962;1,45962;1,45962;2;3
2007-08-02;1,45962;1,45962;1,45962;1,45962;68;99
2007-08-01;1,52831;1,52831;1,52831;1,52831;29;45
2007-07-31;1,54548;1,54548;1,54548;1,54548;41;63
2007-07-30;1,54548;1,54548;1,54548;1,54548;58;90
2007-07-27;1,45962;1,45962;1,45962;1,45962;1.514;2.210
2007-07-26;1,45962;1,45962;1,45962;1,45962;144;210
2007-07-25;1,51114;1,51114;1,51114;1,51114;409;618
2007-07-24;1,51114;1,51114;1,51114;1,51114;116;176
2007-07-23;1,51114;1,51114;1,51114;1,51114;357;540
2007-07-20;1,56265;1,56265;1,56265;1,56265;495;774
2007-07-19;1,52831;1,52831;1,52831;1,52831;27;42
2007-07-18;1,51114;1,51114;1,51114;1,51114;23;34
2007-07-17; ; ; ;1,54548;3.883;6.001
2007-07-16;1,57982;1,57982;1,57982;1,57982;19;29
2007-07-13;1,7172;1,7172;1,7172;1,7172;411;705
2007-07-12;1,68286;1,68286;1,68286;1,68286;3.494;5.880
2007-07-11;1,57982;1,57982;1,57982;1,57982;1.747;2.760
2007-07-10;1,7172;1,7172;1,7172;1,7172;209;358
2007-07-09;1,7172;1,7172;1,7172;1,7172;2.962;5.086
2007-07-06;1,63134;1,63134;1,63134;1,63134;294;479
2007-07-05;1,61417;1,61417;1,61417;1,61417;278;448
2007-07-03;1,56265;1,56265;1,56265;1,56265;874;1.365
2007-07-02;1,68286;1,68286;1,68286;1,68286;4.659;7.840
2007-06-29;1,68286;1,68286;1,68286;1,68286;2.925;4.922
2007-06-28;1,64851;1,64851;1,64851;1,64851;379;625
2007-06-27;1,64851;1,64851;1,64851;1,64851;699;1.152
2007-06-26;1,70003;1,70003;1,70003;1,70003;2.329;3.960
2007-06-25;1,54548;1,54548;1,54548;1,54548;7.046;10.890
2007-06-22;1,47679;1,47679;1,47679;1,47679;24;36
2007-06-21;1,35659;1,35659;1,35659;1,35659;90;122
2007-06-20;1,37376;1,37376;1,37376;1,37376;6;8
2007-06-19;1,35659;1,35659;1,35659;1,35659;186;253
2007-06-18;1,35659;1,35659;1,35659;1,35659;602;817
2007-06-15;1,39093;1,39093;1,39093;1,39093;1.638;2.278
2007-06-14;1,51114;1,51114;1,51114;1,51114;8.793;13.288
2007-06-13;1,4081;1,4081;1,4081;1,4081;668;941
2007-06-12;1,2879;1,2879;1,2879;1,2879;3.184;4.100
2007-06-11;1,25356;1,25356;1,25356;1,25356;2.926;3.668
2007-06-08;1,21921;1,21921;1,21921;1,21921;138;168
2007-06-07;1,21921;1,21921;1,21921;1,21921;29;36
2007-06-06;1,21921;1,21921;1,21921;1,21921;64;78
2007-06-05;1,25356;1,25356;1,25356;1,25356;1.535;1.924
2007-06-04;1,37376;1,37376;1,37376;1,37376;622;854
2007-06-01;1,37376;1,37376;1,37376;1,37376;175;240
2007-05-31;1,25356;1,25356;1,25356;1,25356;792;992
2007-05-30;1,37376;1,37376;1,37376;1,37376;262;360
2007-05-29;1,39093;1,39093;1,39093;1,39093;233;324
2007-05-25;1,37376;1,37376;1,37376;1,37376;3.506;4.816
2007-05-24;1,45962;1,45962;1,45962;1,45962;1.310;1.913
2007-05-23;1,37376;1,37376;1,37376;1,37376;741;1.019
2007-05-22;1,37376;1,37376;1,37376;1,37376;886;1.217
2007-05-21;1,4081;1,4081;1,4081;1,4081;680;958
2007-05-18;1,45962;1,45962;1,45962;1,45962;1.166;1.703
2007-05-17;1,37376;1,37376;1,37376;1,37376;55;76
2007-05-16; ; ; ;1,45962;806;1.176
2007-05-15;1,45962;1,45962;1,45962;1,45962;827;1.207
2007-05-11;1,56265;1,56265;1,56265;1,56265;1.205;1.884
2007-05-10;1,597;1,597;1,597;1,597;617;986
2007-05-09;1,37376;1,37376;1,37376;1,37376;1.043;1.432
2007-05-08;1,54548;1,54548;1,54548;1,54548;233;360
2007-05-07;1,61417;1,61417;1,61417;1,61417;1.165;1.880
2007-05-04;1,63134;1,63134;1,63134;1,63134;276;450
2007-05-03;1,76872;1,76872;1,76872;1,76872;3.745;6.624
2007-05-02;1,82023;1,82023;1,82023;1,82023;700;1.273
2007-04-30;1,82023;1,82023;1,82023;1,82023;320;583
2007-04-27;1,76872;1,76872;1,76872;1,76872;77;136
2007-04-26;1,88892;1,88892;1,88892;1,88892;426;806
2007-04-24;1,7172;1,7172;1,7172;1,7172;19;33
2007-04-23;1,94044;1,94044;1,94044;1,94044;2.395;4.648
2007-04-20;1,78589;1,78589;1,78589;1,78589;1.165;2.080
2007-04-19;1,7172;1,7172;1,7172;1,7172;38;65
2007-04-18;1,80306;1,80306;1,80306;1,80306;1.045;1.885
2007-04-17;1,88892;1,88892;1,88892;1,88892;1.450;2.739
2007-04-16;1,80306;1,80306;1,80306;1,80306;710;1.280
2007-04-13;1,90609;1,90609;1,90609;1,90609;1.187;2.263
2007-04-12;2,0263;2,0263;2,0263;2,0263;1.741;3.527
2007-04-11;2,06064;2,06064;2,06064;2,06064;900;1.854
2007-04-10;2,06064;2,06064;2,06064;2,06064;1.275;2.628
2007-04-05;1,99195;1,99195;1,99195;1,99195;3.640;7.250
2007-04-04;2,00912;2,00912;2,00912;2,00912;268;538
2007-04-03;2,0263;2,0263;2,0263;2,0263;2.329;4.720
2007-04-02;1,88892;1,88892;1,88892;1,88892;3.808;7.192
2007-03-30;2,00912;2,00912;2,00912;2,00912;259;521
2007-03-29;2,00912;2,00912;2,00912;2,00912;587;1.179
2007-03-28;2,28388;2,28388;2,28388;2,28388;1.328;3.032
2007-03-27;2,31822;2,31822;2,31822;2,31822;582;1.350
2007-03-26;2,30105;2,30105;2,30105;2,30105;4.420;10.171
2007-03-23;2,06064;2,06064;2,06064;2,06064;19.063;39.283
2007-03-22;2,06064;2,06064;2,06064;2,06064;5.049;10.404
2007-03-21;1,97478;1,97478;1,97478;1,97478;22;44
2007-03-20;1,97478;1,97478;1,97478;1,97478;351;692
2007-03-19;1,92326;1,92326;1,92326;1,92326;58;112
2007-03-16;1,92326;1,92326;1,92326;1,92326;9.492;18.256
2007-03-15;1,78589;1,78589;1,78589;1,78589;5.477;9.781
2007-03-14;1,7172;1,7172;1,7172;1,7172;11.996;20.600
2007-03-13;1,82023;1,82023;1,82023;1,82023;1.210;2.202
2007-03-12;2,06064;2,06064;2,06064;1,66568;1.695;2.824
2007-03-09;2,06064;2,06064;2,06064;2,06064;8.159;16.812
2007-03-08;2,0263;2,0263;2,0263;2,0263;4.625;9.372
2007-03-07;1,37376;1,37376;1,37376;1,37376;2.213;3.040
2007-03-05;1,45962;1,45962;1,45962;1,45962;524;765
2007-03-02;1,47679;1,47679;1,47679;1,47679;2.329;3.440
2007-03-01;1,44245;1,44245;1,44245;1,44245;4.659;6.720
2007-02-28;1,37376;1,37376;1,37376;1,37376;3.243;4.455
2007-02-27;1,45962;1,45962;1,45962;1,45962;5.823;8.500
2007-02-26;1,37376;1,37376;1,37376;1,37376;177;243
2007-02-23;1,37376;1,37376;1,37376;1,37376;524;720
2007-02-22;1,39093;1,39093;1,39093;1,39093;5.366;7.464
2007-02-21;1,45962;1,45962;1,45962;1,45962;1.747;2.550
2007-02-20;1,44245;1,44245;1,44245;1,44245;2.467;3.559
2007-02-19;1,42528;1,42528;1,42528;1,42528;14.183;20.215
2007-02-16;1,39093;1,39093;1,39093;1,39093;2.465;3.429
2007-02-15;1,30507;1,30507;1,30507;1,30507;8.046;10.501
2007-02-14;1,21921;1,21921;1,21921;1,21921;1.086;1.324
2007-02-13;1,20204;1,20204;1,20204;1,20204;956;1.150
2007-02-12;1,20204;1,20204;1,20204;1,20204;6.447;7.750
2007-02-09;1,20204;1,20204;1,20204;1,20204;676;812
2007-02-08;1,20204;1,20204;1,20204;1,20204;914;1.099
2007-02-07;1,20204;1,20204;1,20204;1,20204;577;694
2007-02-06;1,2879;1,2879;1,2879;1,2879;495;638
2007-02-05;1,20204;1,20204;1,20204;1,20204;6.992;8.405
2007-02-02;1,23638;1,23638;1,23638;1,23638;3.785;4.680
2007-02-01;1,20204;1,20204;1,20204;1,20204;3.740;4.496
2007-01-31;1,21921;1,21921;1,21921;1,21921;3.818;4.655
2007-01-30;1,21921;1,21921;1,21921;1,21921;147;180
2007-01-29;1,21921;1,21921;1,21921;1,21921;403;491
2007-01-26;1,21921;1,21921;1,21921;1,21921;325;396
2007-01-25;1,21921;1,21921;1,21921;1,21921;334;407
2007-01-24;1,20204;1,20204;1,20204;1,20204;488;587
2007-01-23;1,20204;1,20204;1,20204;1,20204;2.159;2.595
2007-01-22;1,2879;1,2879;1,2879;1,2879;4.207;5.418
2007-01-19;1,2879;1,2879;1,2879;1,2879;1.980;2.550
2007-01-18;1,09901;1,09901;1,09901;1,09901;12;13
2007-01-17;1,37376;1,37376;1,37376;1,37376;10.903;14.978
2007-01-16;1,37376;1,37376;1,37376;1,37376;4.711;6.472
2007-01-15;1,37376;1,37376;1,37376;1,37376;452;621
2007-01-12;1,2879;1,2879;1,2879;1,2879;1.621;2.087
2007-01-11;1,06466;1,06466;1,06466;1,06466;707;752
2007-01-10;1,08184;1,08184;1,08184;1,08184;2.978;3.222
2007-01-09;1,11618;1,11618;1,11618;1,11618;1.447;1.616
2007-01-08;1,11618;1,11618;1,11618;1,11618;2.213;2.470
2007-01-05;1,04749;1,04749;1,04749;1,04749;1.574;1.649
2007-01-04;1,03032;1,03032;1,03032;1,03032;11.940;12.303
2007-01-03;1,03032;1,03032;1,03032;1,03032;1.792;1.846
2007-01-02;1,03032;1,03032;1,03032;1,03032;10.974;11.307
2007-01-01; ; ; ;1,03032;0;0
2006-12-29;1,03032;1,03032;1,03032;1,03032;7.771;8.007
2006-12-28;0,94446;0,94446;0,94446;0,94446;14.486;13.681
2006-12-27;0,94446;0,94446;0,94446;0,94446;17.884;16.891
2006-12-26; ; ; ;0,99598;0;0
2006-12-25; ; ; ;0,99598;0;0
2006-12-22;0,99598;0,99598;0,99598;0,99598;16.719;16.652
2006-12-21;1,06466;1,06466;1,06466;1,06466;7.003;7.456
2006-12-20;1,11618;1,11618;1,11618;1,11618;5.313;5.931
2006-12-19;1,11618;1,11618;1,11618;1,11618;6.795;7.584
2006-12-18;1,20204;1,20204;1,20204;1,20204;8.847;10.635
2006-12-15;1,21921;1,21921;1,21921;1,21921;1.347;1.642
2006-12-14;1,20204;1,20204;1,20204;1,20204;1.164;1.400
2006-12-13;1,20204;1,20204;1,20204;1,20204;3.402;4.090
2006-12-12;1,20204;1,20204;1,20204;1,20204;10.686;12.845
2006-12-11;1,25356;1,25356;1,25356;1,25356;3.856;4.833
2006-12-08;1,20204;1,20204;1,20204;1,20204;1.086;1.305
2006-12-07;1,20204;1,20204;1,20204;1,20204;6.991;8.404
2006-12-06;1,20204;1,20204;1,20204;1,20204;6.406;7.700
2006-12-05;1,2879;1,2879;1,2879;1,2879;8.574;11.042
2006-12-04;1,30507;1,30507;1,30507;1,30507;3.635;4.744
2006-12-01;1,33942;1,35659;1,20204;1,30507;79.812;104.160
2006-11-30;1,32224;1,35659;1,30507;1,35659;27.163;36.849
2006-11-29;1,37376;1,37376;1,30507;1,35659;32.581;44.199
2006-11-28;1,39093;1,39093;1,30507;1,37376;30.084;41.328
2006-11-27;1,35659;1,37376;1,33942;1,37376;19.830;27.241
2006-11-24;1,35659;1,39093;1,33942;1,35659;28.714;38.954
2006-11-23;1,42528;1,42528;1,32224;1,33942;41.981;56.230
2006-11-22;1,37376;1,49396;1,35659;1,39093;155.735;216.616
2006-11-21; ; ; ;1,35659;93.979;127.491
2006-11-20;1,33942;1,61417;1,33942;1,4081;245.778;346.082
2006-11-17;1,33942;1,35659;1,32224;1,32224;29.696;39.265
2006-11-16;1,30507;1,35659;1,30507;1,33942;34.995;46.872
2006-11-15;1,30507;1,35659;1,30507;1,30507;38.479;50.218
2006-11-14;1,35659;1,35659;1,30507;1,30507;32.849;42.870
2006-11-13;1,37376;1,37376;1,2879;1,35659;99.010;134.316
2006-11-10;1,45962;1,49396;1,32224;1,33942;108.571;145.422
2006-11-09;1,25356;1,54548;1,21921;1,49396;340.694;508.984
2006-11-08;1,52831;1,52831;1,18487;1,32224;218.539;288.961
2006-11-07;1,47679;1,57982;1,45962;1,47679;71.475;105.554
2006-11-06;1,68286;1,68286;1,47679;1,51114;144.430;218.253
2006-11-03;1,7172;1,75154;1,61417;1,63134;156.275;254.937
2006-11-02;1,7172;1,75154;1,64851;1,68286;238.415;401.218
2006-11-01;1,70003;1,73437;1,63134;1,68286;113.739;191.406
2006-10-31;2,04347;2,04347;1,56265;1,68286;431.906;726.836
2006-10-30;2,33539;2,40408;1,92326;2,09498;138.105;289.328
2006-10-27;2,5758;2,5758;2,23236;2,40408;184.496;443.545
2006-10-26;2,8849;2,91924;2,40408;2,61015;113.110;295.234
2006-10-25;2,83338;2,93641;2,74752;2,90207;113.875;330.473
2006-10-24;2,95359;2,95359;2,74752;2,91924;46.081;134.521
2006-10-23;2,8849;2,93641;2,85055;2,93641;62.179;182.582
2006-10-20;2,91924;2,98793;2,85055;2,91924;68.613;200.298
2006-10-19;2,85055;2,98793;2,74752;2,91924;189.122;552.093
2006-10-18;3,4344;3,52026;2,42125;2,93641;159.130;467.272
2006-10-17;3,45157;3,52026;3,4344;3,4344;40.800;140.125
2006-10-16;3,45157;3,48592;3,4344;3,48592;28.880;100.674
2006-10-13;3,58895;3,58895;3,46875;3,52026;7.205;25.364
2006-10-12;3,45157;3,60612;3,4344;3,45157;6.198;21.393
2006-10-11;3,50309;3,52026;3,4344;3,50309;4.813;16.859
2006-10-10;3,50309;3,52026;3,4344;3,45157;18.035;62.250
2006-10-09;3,57178;3,58895;3,46875;3,53743;6.000;21.225
2006-10-06;3,46875;3,52026;3,46875;3,52026;11.829;41.641
2006-10-05;3,46875;3,52026;3,4344;3,46875;5.910;20.499
2006-10-04;3,46875;3,50309;3,4344;3,45157;5.883;20.304
2006-10-03; ; ; ;3,4344;9.507;32.651
2006-10-02;3,55461;3,55461;3,4344;3,50309;15.435;54.071
2006-09-29;3,48592;3,50309;3,4344;3,46875;9.419;32.672
2006-09-28;3,4344;3,57178;3,4344;3,52026;20.176;71.023
2006-09-27;3,4344;3,55461;3,4344;3,4344;24.613;84.531
2006-09-26;3,45157;3,50309;3,4344;3,4344;8.253;28.345
2006-09-25;3,4344;3,48592;3,33137;3,46875;10.677;37.037
2006-09-22;3,57178;3,58895;3,34854;3,50309;45.647;159.905
2006-09-21;3,55461;3,62329;3,45157;3,57178;55.412;197.919
2006-09-20;3,52026;3,58895;3,4344;3,55461;35.786;127.204
2006-09-19;3,55461;3,57178;3,34854;3,52026;40.457;142.419
2006-09-18;3,26268;3,57178;3,24551;3,53743;85.639;302.941
2006-09-15;3,26268;3,29703;3,10813;3,17682;39.467;125.380
2006-09-14;3,22834;3,34854;3,15965;3,22834;49.140;158.641
2006-09-13;3,38289;3,38289;2,98793;3,22834;274.653;886.672
2006-09-12;3,60612;3,60612;3,27985;3,38289;125.240;423.673
2006-09-11;3,79501;3,94956;3,64047;3,69198;51.341;189.549
2006-09-08;3,77784;3,94956;3,77784;3,84653;9.198;35.379
2006-09-07;4,05259;4,05259;3,81219;3,82936;43.653;167.163
2006-09-06;4,12128;4,12128;4,03542;4,12128;15.046;62.009
2006-09-05;4,13845;4,25866;4,05259;4,13845;39.436;163.205
2006-09-04;4,20714;4,293;4,12128;4,27583;26.197;112.016
2006-09-01;4,293;4,293;4,22431;4,24149;17.001;72.108
2006-08-31;4,27583;4,293;4,20714;4,25866;14.920;63.539
2006-08-30;4,293;4,293;4,24149;4,293;3.111;13.354
2006-08-29;4,24149;4,293;4,22431;4,24149;12.476;52.917
2006-08-28;4,46472;4,46472;4,22431;4,25866;6.170;26.276
2006-08-25;4,22431;4,46472;4,20714;4,46472;24.668;110.137
2006-08-24;4,22431;4,27583;4,22431;4,27583;12.883;55.087
2006-08-23;4,293;4,293;4,22431;4,293;11.034;47.368
2006-08-22;4,293;4,293;4,20714;4,27583;10.431;44.601
2006-08-21;4,293;4,46472;4,22431;4,46472;9.752;43.542
2006-08-18;4,27583;4,46472;4,20714;4,46472;30.492;136.138
2006-08-17;4,46472;4,46472;4,15563;4,27583;37.642;160.949
2006-08-16;4,46472;4,46472;4,293;4,293;17.135;73.560
2006-08-15;4,46472;4,46472;4,293;4,46472;15.401;68.759
2006-08-14;4,46472;4,46472;4,293;4,46472;22.935;102.398
2006-08-11;4,46472;4,63644;4,46472;4,63644;21.497;99.668
2006-08-10;4,46472;4,63644;4,293;4,46472;41.173;183.825
2006-08-09;5,32332;5,32332;4,293;4,46472;176.349;787.350
2006-08-08;6,52536;6,8688;4,97988;5,49504;388.232;2.133.349
2006-08-07;4,20714;7,21224;4,12128;6,18192;276.859;1.711.518
2006-08-04;4,22431;4,46472;4,22431;4,293;13.443;57.712
2006-08-03;4,46472;4,46472;4,22431;4,22431;6.788;28.675
2006-08-02;4,46472;4,46472;4,22431;4,46472;16.151;72.109
2006-08-01;4,1728;4,46472;4,15563;4,293;21.282;91.362
2006-07-31;4,46472;4,46472;4,15563;4,1728;30.562;127.528
2006-07-28;4,12128;4,63644;4,12128;4,46472;189.512;846.119
2006-07-27;3,94956;4,08694;3,94956;4,06977;25.784;104.934
2006-07-26;3,96673;4,00108;3,94956;3,98391;903;3.598
2006-07-25;3,8637;4,01825;3,8637;4,00108;19.154;76.636
2006-07-24;3,94956;4,01825;3,88087;3,88087;14.068;54.596
2006-07-21;4,03542;4,03542;3,94956;3,94956;5.292;20.901
2006-07-20;3,82936;4,03542;3,82936;3,94956;25.398;100.311
2006-07-19;3,91522;3,91522;3,77784;3,91522;7.513;29.416
2006-07-18;3,8637;3,91522;3,79501;3,88087;12.536;48.650
2006-07-17;3,94956;3,94956;3,77784;3,94956;53.931;213.002
2006-07-14;3,94956;4,08694;3,94956;3,96673;7.192;28.528
2006-07-13;3,93239;4,10411;3,91522;3,98391;12.131;48.328
2006-07-12;3,94956;4,06977;3,88087;3,88087;58.372;226.533
2006-07-11;3,94956;4,12128;3,8637;3,94956;83.004;327.828
2006-07-10;3,8637;3,94956;3,7435;3,94956;44.180;174.492
2006-07-07;3,7435;3,8637;3,7435;3,8637;18.216;70.379
2006-07-06;3,82936;3,84653;3,7435;3,84653;27.817;106.998
2006-07-05;3,77784;3,79501;3,69198;3,77784;39.506;149.246
2006-07-04;3,8637;3,94956;3,64047;3,70915;85.196;316.003
2006-07-03;2,93641;3,93239;2,93641;3,82936;219.110;839.049
2006-06-30;3,12531;3,12531;2,93641;3,0051;30.392;91.332
2006-06-29;3,02227;3,15965;2,97076;3,07379;47.822;146.995
2006-06-28;3,09096;3,17682;2,95359;3,02227;19.330;58.421
2006-06-27;2,95359;3,21117;2,95359;3,03945;37.043;112.591
2006-06-26;3,4344;3,52026;2,97076;2,97076;63.060;187.336
2006-06-23;3,36571;3,50309;3,26268;3,4344;21.715;74.579
2006-06-22;3,52026;3,60612;3,4344;3,4344;66.590;228.697
2006-06-21;4,03542;4,06977;3,26268;3,52026;93.575;329.407
2006-06-20;4,13845;4,1728;4,05259;4,10411;43.737;179.503
2006-06-19;4,1728;4,20714;4,12128;4,15563;26.791;111.333
2006-06-16;4,22431;4,46472;4,12128;4,12128;52.139;214.881
2006-06-15;4,293;4,46472;4,20714;4,20714;27.166;114.293
2006-06-14;4,46472;4,46472;4,293;4,293;28.310;121.535
2006-06-13;4,46472;4,46472;4,293;4,46472;31.967;142.724
2006-06-12;4,63644;4,63644;4,46472;4,46472;19.652;87.739
2006-06-09;4,63644;4,63644;4,46472;4,63644;13.110;60.784
2006-06-08;4,46472;4,63644;4,46472;4,63644;65.976;305.893
2006-06-07;4,293;4,46472;4,293;4,293;15.786;67.768
2006-06-06;4,293;4,46472;4,293;4,293;22.781;97.798
2006-06-05;4,46472;4,46472;4,293;4,293;6.986;29.992
2006-06-02;4,46472;4,46472;4,20714;4,46472;14.525;64.851
2006-06-01;4,293;4,46472;4,15563;4,293;32.002;137.384
2006-05-31;4,293;4,46472;4,20714;4,293;49.574;212.821
2006-05-30;4,293;4,46472;4,13845;4,27583;55.304;236.471
2006-05-29;4,63644;4,63644;4,13845;4,13845;158.778;657.096
2006-05-26;4,80816;4,80816;4,293;4,46472;112.876;503.958
2006-05-25;4,80816;4,97988;4,80816;4,80816;73.078;351.372
2006-05-24;5,1516;5,1516;4,80816;4,97988;51.663;257.276
2006-05-23;5,1516;5,1516;4,80816;4,97988;60.327;300.424
2006-05-22;5,83848;5,83848;4,63644;4,97988;218.849;1.089.842
2006-05-19;5,66676;5,83848;5,66676;5,66676;23.917;135.530
2006-05-18; ; ; ;5,83848;85.297;498.003
2006-05-17;6,18192;6,18192;6,0102;6,0102;27.948;167.970
2006-05-16;6,35364;6,35364;6,0102;6,0102;63.805;383.482
2006-05-15;5,66676;6,35364;5,66676;6,35364;229.966;1.461.121
2006-05-12;5,66676;5,83848;5,66676;5,66676;16.954;96.074
2006-05-11;5,83848;5,83848;5,66676;5,83848;26.135;152.590
2006-05-10;5,83848;5,83848;5,66676;5,83848;55.304;322.890
2006-05-09;5,83848;5,83848;5,66676;5,83848;12.070;70.470
2006-05-08;5,83848;5,83848;5,66676;5,83848;13.374;78.085
2006-05-05;5,83848;5,83848;5,66676;5,83848;35.349;206.383
2006-05-04;5,83848;5,83848;5,66676;5,66676;6.204;35.154
2006-05-03;5,66676;5,83848;5,66676;5,66676;15.983;90.570
2006-05-02;5,66676;5,83848;5,66676;5,66676;14.201;80.474
2006-05-01; ; ; ;5,83848;0;0
2006-04-28;5,83848;5,83848;5,66676;5,83848;10.766;62.855
2006-04-27;5,83848;5,83848;5,66676;5,66676;23.914;135.515
2006-04-26;5,83848;5,83848;5,66676;5,66676;35.398;200.591
2006-04-25;5,83848;5,83848;5,66676;5,83848;19.339;112.912
2006-04-24;5,83848;5,83848;5,66676;5,83848;20.364;118.892
2006-04-21;5,66676;5,83848;5,66676;5,83848;31.751;185.375
2006-04-20;5,66676;5,83848;5,66676;5,66676;16.186;91.721
2006-04-19;5,66676;5,83848;5,32332;5,83848;129.252;754.633
2006-04-18;6,0102;6,0102;5,66676;5,83848;76.975;449.418
2006-04-17; ; ; ;6,0102;0;0
2006-04-14; ; ; ;6,0102;0;0
2006-04-13;5,83848;6,0102;5,83848;6,0102;19.346;116.272
2006-04-12;6,0102;6,0102;5,83848;5,83848;10.801;63.063
2006-04-11;6,0102;6,0102;5,83848;6,0102;12.150;73.024
2006-04-10;6,0102;6,0102;5,83848;6,0102;21.395;128.586
2006-04-07;6,0102;6,0102;5,83848;6,0102;14.657;88.089
2006-04-06;6,0102;6,0102;5,83848;5,83848;20.674;120.702
2006-04-05;6,0102;6,18192;5,83848;6,0102;63.269;380.258
2006-04-04;6,0102;6,18192;6,0102;6,0102;7.563;45.456
2006-04-03;6,0102;6,18192;6,0102;6,0102;10.119;60.817
2006-03-31;6,0102;6,18192;6,0102;6,0102;25.323;152.194
2006-03-30;6,18192;6,18192;6,0102;6,18192;28.051;173.412
2006-03-29;6,18192;6,18192;6,0102;6,0102;33.763;202.920
2006-03-28;6,0102;6,18192;6,0102;6,0102;19.905;119.635
2006-03-27;6,0102;6,18192;6,0102;6,18192;47.108;291.218
2006-03-24;6,18192;6,18192;6,0102;6,0102;7.396;44.451
2006-03-23;6,0102;6,18192;6,0102;6,0102;14.927;89.716
2006-03-22;6,35364;6,35364;6,0102;6,0102;45.008;270.506
2006-03-21;6,0102;6,35364;6,0102;6,35364;81.667;518.885
2006-03-20;5,83848;6,0102;5,66676;5,83848;70.276;410.308
2006-03-17;5,49504;5,83848;5,32332;5,49504;166.548;915.187
2006-03-16;6,0102;6,0102;5,32332;5,66676;242.313;1.373.128
2006-03-15;6,0102;6,18192;5,83848;6,0102;68.149;409.591
2006-03-14;6,18192;6,35364;6,0102;6,0102;108.107;649.742
2006-03-13;6,52536;6,52536;5,83848;6,18192;167.844;1.037.598
2006-03-10;6,35364;6,52536;6,35364;6,52536;26.457;172.641
2006-03-09;6,52536;6,52536;6,35364;6,52536;40.311;263.042
2006-03-08;6,35364;6,52536;6,35364;6,52536;20.845;136.019
2006-03-07;6,35364;6,52536;6,35364;6,52536;24.107;157.304
2006-03-06;6,52536;6,52536;6,35364;6,52536;32.451;211.755
2006-03-03;6,52536;6,69708;6,35364;6,52536;82.214;536.473
2006-03-02;6,69708;6,69708;6,52536;6,69708;31.510;211.027
2006-03-01;6,69708;6,8688;6,52536;6,69708;84.081;563.097
2006-02-28;6,69708;6,8688;6,52536;6,69708;56.964;381.493
2006-02-27;6,8688;6,8688;6,69708;6,8688;24.261;166.644
2006-02-24;6,8688;6,8688;6,69708;6,8688;33.626;230.970
2006-02-23;6,69708;6,8688;6,69708;6,69708;21.608;144.708
2006-02-22;6,69708;6,8688;6,69708;6,8688;24.452;167.958
2006-02-21;6,69708;6,8688;6,69708;6,8688;22.393;153.813
2006-02-20;6,8688;6,8688;6,69708;6,8688;21.583;148.251
2006-02-17;6,69708;6,8688;6,69708;6,8688;53.734;369.086
2006-02-16;6,8688;6,8688;6,69708;6,8688;20.273;139.248
2006-02-15;6,8688;6,8688;6,69708;6,8688;44.062;302.651
2006-02-14;6,8688;6,8688;6,69708;6,8688;18.532;127.295
2006-02-13;6,69708;6,8688;6,52536;6,8688;58.547;402.147
2006-02-10;6,69708;6,8688;6,52536;6,8688;119.753;822.557
2006-02-09;6,69708;6,69708;6,0102;6,69708;248.237;1.662.467
2006-02-08;7,04052;7,38396;6,18192;6,52536;588.533;3.840.393
2006-02-07;7,38396;7,38396;7,04052;7,21224;140.204;1.011.189
2006-02-06;7,21224;7,55568;6,52536;7,38396;540.513;3.991.125
2006-02-03;8,92944;9,10116;8,92944;8,92944;32.583;290.950
2006-02-02;9,27288;9,27288;8,92944;9,10116;39.178;356.568
2006-02-01;9,10116;9,27288;8,92944;9,27288;21.847;202.584
2006-01-31;9,27288;9,27288;8,92944;8,92944;70.591;630.337
2006-01-30;8,92944;9,27288;8,75772;9,27288;200.994;1.863.796
2006-01-27;8,75772;8,92944;8,586;8,92944;69.697;622.359
2006-01-26;8,92944;8,92944;8,75772;8,75772;30.141;263.969
2006-01-25;8,92944;8,92944;8,75772;8,92944;16.669;148.847
2006-01-24;8,92944;8,92944;8,586;8,92944;89.613;800.192
2006-01-23;8,75772;8,92944;8,75772;8,92944;21.688;193.661
2006-01-20;9,10116;9,10116;8,75772;8,75772;52.344;458.411
2006-01-19;8,92944;9,10116;8,92944;9,10116;44.099;401.353
2006-01-18;9,10116;9,10116;8,75772;9,10116;101.348;922.387
2006-01-17;9,4446;9,4446;8,92944;9,10116;252.745;2.300.275
2006-01-16;9,10116;9,4446;8,92944;9,27288;241.170;2.236.345
2006-01-13;9,10116;9,27288;8,75772;8,92944;212.408;1.896.689
2006-01-12;9,27288;9,61632;9,10116;9,27288;234.764;2.176.942
2006-01-11;9,27288;9,78804;9,10116;9,4446;598.698;5.654.461
2006-01-10;9,10116;9,27288;8,75772;9,27288;357.630;3.316.257
2006-01-09;8,586;9,10116;8,41428;9,10116;646.977;5.888.244
2006-01-06;8,41428;8,586;8,24256;8,41428;115.167;969.049
2006-01-05;8,586;8,92944;8,24256;8,41428;273.898;2.304.655
2006-01-04;8,75772;9,4446;8,07084;8,586;685.926;5.889.365
2006-01-03;7,21224;8,41428;7,04052;8,24256;792.665;6.533.592
2006-01-02;7,04052;7,21224;6,8688;7,21224;39.555;285.281
2005-12-30;7,04052;7,04052;6,8688;6,8688;50.831;349.149
2005-12-29;7,21224;7,21224;6,8688;7,04052;83.715;589.394
2005-12-28;7,55568;7,55568;7,04052;7,21224;158.838;1.145.577
2005-12-27;6,52536;7,55568;6,35364;7,55568;33.149;250.464
2005-12-26; ; ; ;6,69708;0;0
2005-12-23;6,69708;6,69708;6,52536;6,69708;38.702;259.193
2005-12-22;6,52536;6,69708;6,35364;6,69708;47.142;315.717
2005-12-21;6,69708;6,69708;6,35364;6,69708;76.433;511.879
2005-12-20;7,04052;7,04052;6,18192;6,69708;345.568;2.314.299
2005-12-19;7,04052;7,04052;6,8688;7,04052;47.523;334.586
2005-12-16;6,8688;7,04052;6,8688;7,04052;14.999;105.598
2005-12-15;6,8688;7,04052;6,8688;7,04052;19.670;138.487
2005-12-14;7,04052;7,04052;6,8688;7,04052;8.621;60.699
2005-12-13;6,8688;7,04052;6,8688;7,04052;23.570;165.944
2005-12-12;7,04052;7,04052;6,8688;7,04052;13.460;94.769
2005-12-09;6,8688;7,21224;6,8688;7,04052;43.054;303.123
2005-12-08;7,04052;7,04052;6,8688;7,04052;22.711;159.894
2005-12-07;7,04052;7,04052;6,8688;7,04052;24.736;174.154
2005-12-06;7,21224;7,21224;7,04052;7,21224;16.329;117.769
2005-12-05;7,04052;7,21224;7,04052;7,21224;24.283;175.135
2005-12-02;7,04052;7,21224;7,04052;7,21224;12.476;89.980
2005-12-01;7,04052;7,21224;7,04052;7,21224;3.151;22.727
2005-11-30;7,04052;7,21224;7,04052;7,21224;39.990;288.419
2005-11-29;7,21224;7,21224;7,04052;7,21224;17.687;127.566
2005-11-28;7,21224;7,21224;7,04052;7,21224;12.678;91.437
2005-11-25;7,04052;7,21224;7,04052;7,21224;50.715;365.770
2005-11-24;7,04052;7,21224;6,8688;7,21224;61.512;443.637
2005-11-23;7,21224;7,21224;6,8688;7,21224;99.561;718.056
2005-11-22;7,21224;7,21224;7,04052;7,04052;11.699;82.365
2005-11-21;7,04052;7,21224;7,04052;7,21224;14.121;101.841
2005-11-18;7,21224;7,38396;7,04052;7,21224;30.481;219.836
2005-11-17;7,38396;7,38396;7,21224;7,38396;25.011;184.679
2005-11-16;7,21224;7,38396;7,21224;7,38396;37.100;273.943
2005-11-15;7,55568;7,55568;7,21224;7,38396;41.939;309.674
2005-11-14;7,55568;7,7274;7,38396;7,55568;39.113;295.522
2005-11-11;7,38396;7,7274;7,38396;7,55568;90.666;685.042
2005-11-10;7,55568;7,55568;7,21224;7,38396;41.744;308.236
2005-11-09;7,04052;7,89912;7,04052;7,38396;390.793;2.885.598
2005-11-08;7,04052;7,21224;6,8688;7,04052;110.906;780.837
2005-11-07;6,8688;7,04052;6,8688;7,04052;30.684;216.029
2005-11-04;7,04052;7,04052;6,8688;7,04052;32.381;227.981
2005-11-03;6,8688;7,04052;6,8688;7,04052;24.044;169.281
2005-11-02;7,04052;7,04052;6,8688;7,04052;21.346;150.285
2005-11-01;6,8688;7,21224;6,8688;7,04052;44.746;315.037
2005-10-31;6,8688;7,04052;6,8688;7,04052;23.777;167.403
2005-10-28;6,8688;7,04052;6,69708;6,8688;0;0
2005-10-27;6,8688;7,04052;6,8688;6,8688;0;0
2005-10-26;7,04052;7,04052;6,8688;6,8688;0;0
2005-10-25;6,8688;7,04052;6,69708;7,04052;0;0
2005-10-24;7,04052;7,04052;6,69708;6,8688;0;0
2005-10-21;7,04052;7,04052;6,8688;7,04052;0;0
2005-10-20;7,21224;7,21224;6,8688;6,8688;0;0
2005-10-19;7,38396;7,38396;6,8688;7,21224;0;0
2005-10-18;7,55568;7,55568;7,21224;7,38396;0;0
2005-10-17;7,7274;7,7274;7,38396;7,55568;0;0
2005-10-14;7,7274;7,7274;7,55568;7,7274;0;0
2005-10-13;7,7274;7,7274;7,55568;7,7274;0;0
2005-10-12;7,89912;7,89912;7,55568;7,55568;0;0
2005-10-11;8,07084;8,07084;7,7274;7,7274;0;0
2005-10-10;7,89912;8,07084;7,7274;7,89912;0;0
2005-10-07;7,7274;7,89912;7,7274;7,89912;0;0
2005-10-06;7,89912;8,07084;7,7274;7,7274;0;0
2005-10-05;8,07084;8,07084;7,7274;7,89912;0;0
2005-10-04;8,07084;8,07084;7,89912;8,07084;0;0
2005-10-03;7,89912;8,24256;7,89912;8,07084;0;0
2005-09-30;8,586;8,586;7,55568;7,89912;0;0
2005-09-29;8,75772;8,75772;8,41428;8,586;0;0
2005-09-28;8,75772;9,95976;8,41428;8,586;0;0
2005-09-27;8,92944;8,92944;8,586;8,586;0;0
2005-09-26;8,75772;8,92944;8,586;8,92944;0;0
2005-09-23;8,586;9,27288;8,586;8,75772;0;0
2005-09-22;8,586;8,75772;8,24256;8,586;0;0
2005-09-21;8,75772;8,75772;8,24256;8,75772;0;0
2005-09-20;8,586;8,92944;8,41428;8,75772;0;0
2005-09-19;9,10116;9,10116;8,41428;8,586;0;0
2005-09-16;9,4446;9,61632;8,92944;9,27288;0;0
2005-09-15;11,1618;11,3335;9,4446;9,61632;0;0
2005-09-14;9,61632;11,5052;9,61632;10,6466;0;0
2005-09-13;8,92944;9,61632;8,92944;9,4446;0;0
2005-09-12;8,07084;8,92944;7,89912;8,92944;0;0
2005-09-09;7,55568;8,24256;7,55568;8,07084;0;0
2005-09-08;7,55568;7,7274;7,55568;7,55568;0;0
2005-09-07;7,7274;7,7274;7,55568;7,7274;0;0
2005-09-06;7,55568;7,7274;7,38396;7,55568;0;0
2005-09-05;7,7274;7,7274;7,55568;7,55568;0;0
2005-09-02;7,55568;7,7274;7,21224;7,55568;0;0
2005-09-01;7,55568;7,55568;7,38396;7,38396;0;0
2005-08-31;7,38396;7,55568;7,38396;7,38396;0;0
2005-08-30;7,55568;7,55568;7,38396;7,38396;0;0
2005-08-29;7,38396;7,89912;7,21224;7,38396;0;0
2005-08-26;7,38396;7,55568;7,21224;7,38396;0;0
2005-08-25;7,38396;7,55568;7,38396;7,38396;0;0
2005-08-24;7,55568;7,55568;7,38396;7,38396;0;0
2005-08-23;7,55568;7,55568;7,38396;7,55568;0;0
2005-08-22;7,38396;7,55568;7,38396;7,55568;0;0
2005-08-19;7,38396;7,55568;7,38396;7,55568;0;0
2005-08-18;7,7274;7,7274;7,38396;7,55568;0;0
2005-08-17;7,7274;7,7274;7,55568;7,55568;0;0
2005-08-16;7,7274;7,89912;7,55568;7,55568;0;0
2005-08-15;7,7274;7,7274;7,55568;7,7274;0;0
2005-08-12;8,07084;8,07084;7,38396;7,7274;0;0
2005-08-11;7,89912;8,24256;7,7274;7,89912;0;0
2005-08-10;8,07084;8,07084;7,7274;7,89912;0;0
2005-08-09;7,7274;8,24256;7,55568;8,07084;0;0
2005-08-08;7,7274;7,7274;7,55568;7,7274;0;0
2005-08-05;7,55568;7,7274;7,55568;7,55568;0;0
2005-08-04;7,55568;7,55568;7,38396;7,55568;0;0
2005-08-03;7,55568;7,55568;7,21224;7,38396;0;0
2005-08-02;7,55568;7,7274;7,38396;7,38396;0;0
2005-08-01;7,7274;7,89912;7,55568;7,55568;0;0
2005-07-29;7,89912;7,89912;7,7274;7,89912;0;0
2005-07-28;7,89912;7,89912;7,7274;7,89912;0;0
2005-07-27;7,7274;7,89912;7,55568;7,89912;0;0
2005-07-26;7,89912;7,89912;7,7274;7,89912;0;0
2005-07-25;7,89912;7,89912;7,55568;7,7274;0;0
2005-07-22;7,7274;7,89912;7,7274;7,7274;0;0
2005-07-21;8,07084;8,07084;7,7274;7,7274;0;0
2005-07-20;8,07084;8,07084;7,89912;7,89912;0;0
2005-07-19;8,24256;8,24256;7,89912;7,89912;0;0
2005-07-18;8,07084;8,41428;7,89912;8,24256;0;0
2005-07-15;7,38396;8,41428;7,21224;7,89912;0;0
2005-07-14;7,38396;7,38396;7,21224;7,38396;0;0
2005-07-13;7,38396;7,38396;7,21224;7,21224;0;0
2005-07-12;7,38396;7,38396;7,21224;7,38396;0;0
2005-07-11;7,38396;7,38396;7,21224;7,38396;0;0
2005-07-08;7,21224;7,38396;7,04052;7,38396;0;0
2005-07-07;7,38396;7,38396;7,04052;7,38396;0;0
2005-07-06;7,21224;7,38396;7,04052;7,38396;0;0
2005-07-05;7,21224;7,38396;7,21224;7,21224;0;0
2005-07-04;7,21224;7,38396;7,04052;7,21224;0;0
2005-07-01; ; ; ;7,21224;0;0
2005-06-30; ; ; ;7,04052;0;0
2005-06-29;7,21224;7,38396;7,21224;7,38396;0;0
2005-06-28;7,21224;7,38396;7,04052;7,38396;0;0
2005-06-27;7,21224;7,38396;7,04052;7,21224;0;0
2005-06-24;7,55568;7,55568;7,21224;7,21224;0;0
2005-06-23;7,55568;7,55568;7,38396;7,38396;0;0
2005-06-22;7,55568;7,55568;7,38396;7,55568;0;0
2005-06-21;7,38396;7,55568;7,38396;7,38396;0;0
2005-06-20;7,7274;7,7274;7,38396;7,55568;0;0
2005-06-17;7,55568;7,55568;7,38396;7,55568;0;0
2005-06-16;7,55568;7,7274;7,38396;7,55568;0;0
2005-06-15;7,55568;7,7274;7,38396;7,55568;0;0
2005-06-14;7,7274;7,7274;7,55568;7,55568;0;0
2005-06-13;7,7274;7,7274;7,55568;7,7274;0;0
2005-06-10;7,7274;7,7274;7,55568;7,55568;0;0
2005-06-09;7,7274;8,07084;7,7274;7,7274;0;0
2005-06-08;7,89912;7,89912;7,55568;7,7274;0;0
2005-06-07;7,38396;7,89912;7,38396;7,7274;0;0
2005-06-06;7,38396;7,55568;7,38396;7,38396;0;0
2005-06-03;7,55568;7,7274;7,38396;7,55568;0;0
2005-06-02;7,55568;7,7274;7,55568;7,55568;0;0
2005-06-01;7,55568;7,7274;7,21224;7,55568;0;0
2005-05-31;8,24256;8,24256;7,55568;7,55568;0;0
2005-05-30;8,07084;8,75772;7,89912;8,07084;0;0
2005-05-27;8,07084;8,07084;7,7274;7,89912;0;0
2005-05-26;8,24256;8,24256;7,89912;8,07084;0;0
2005-05-25;8,24256;8,586;8,07084;8,24256;0;0
2005-05-24;7,38396;8,586;7,38396;7,89912;0;0
2005-05-23;7,21224;7,38396;7,04052;7,38396;0;0
2005-05-20;7,21224;7,38396;7,04052;7,04052;0;0
2005-05-19;7,38396;7,38396;7,04052;7,21224;0;0
2005-05-18;7,21224;7,38396;7,04052;7,38396;0;0
2005-05-17;7,55568;7,55568;7,04052;7,21224;0;0
2005-05-16;7,55568;7,7274;7,38396;7,38396;0;0
2005-05-13;7,21224;7,7274;7,04052;7,38396;0;0
2005-05-12;6,8688;7,21224;6,69708;7,04052;0;0
2005-05-11;6,8688;7,04052;6,69708;6,8688;0;0
2005-05-10;7,04052;7,04052;6,69708;6,8688;0;0
2005-05-09;6,8688;7,04052;6,8688;6,8688;0;0
2005-05-06;6,8688;6,8688;6,69708;6,8688;0;0
2005-05-05;7,04052;7,04052;6,69708;7,04052;0;0
2005-05-04;7,21224;7,38396;6,8688;7,04052;0;0
2005-05-03;7,04052;7,38396;6,69708;7,21224;0;0
2005-05-02;6,8688;7,21224;6,69708;6,8688;0;0
2005-04-29;7,38396;7,7274;6,52536;7,04052;0;0
2005-04-28;7,7274;7,7274;7,21224;7,55568;0;0
2005-04-27;8,07084;8,41428;7,38396;7,55568;0;0
2005-04-26;7,7274;8,24256;6,69708;8,07084;0;0
2005-04-25;8,92944;8,92944;6,69708;7,21224;0;0
2005-04-22;14,081;14,081;7,7274;8,586;0;0
2005-04-21;14,9396;15,1114;13,5659;14,081;0;0
2005-04-20;15,1114;15,1114;14,7679;15,1114;0;0
2005-04-19;15,2831;15,2831;14,9396;15,1114;0;0
2005-04-18;15,2831;15,2831;14,9396;15,2831;0;0
2005-04-15;15,6265;15,7982;14,4245;15,4548;0;0
2005-04-14;15,97;16,1417;15,2831;15,7982;0;0
2005-04-13;16,1417;16,3134;15,97;16,3134;0;0
2005-04-12;16,3134;16,3134;16,1417;16,3134;0;0
2005-04-11;16,6568;16,6568;16,1417;16,3134;0;0
2005-04-08;15,7982;16,6568;14,9396;16,6568;0;0
2005-04-07;16,1417;16,4851;15,97;15,97;0;0
2005-04-06;16,4851;16,4851;16,1417;16,4851;0;0
2005-04-05;16,4851;16,6568;16,3134;16,6568;0;0
2005-04-04;17,0003;17,0003;16,3134;16,6568;0;0
2005-04-01;16,6568;17,0003;16,4851;17,0003;0;0
2005-03-31; ; ; ;16,8286;0;0
2005-03-30;17,0003;17,0003;16,6568;16,8286;0;0
2005-03-29;17,172;17,172;16,6568;17,172;0;0
2005-03-28; ; ; ;17,0003;0;0
2005-03-25; ; ; ;17,0003;0;0
2005-03-24; ; ; ;17,0003;0;0
2005-03-23;17,172;17,3437;17,0003;17,172;0;0
2005-03-22;17,172;17,3437;17,172;17,172;0;0
2005-03-21;17,172;17,3437;17,172;17,172;0;0
2005-03-18;17,0003;17,172;17,0003;17,172;0;0
2005-03-17;17,3437;17,3437;17,0003;17,3437;0;0
2005-03-16;17,172;17,6872;17,0003;17,172;0;0
2005-03-15;17,172;17,3437;17,0003;17,172;0;0
2005-03-14;17,172;17,172;17,0003;17,0003;0;0
2005-03-11;17,172;17,3437;17,0003;17,0003;0;0
2005-03-10;17,3437;17,3437;16,8286;17,172;0;0
2005-03-09;17,0003;17,172;16,8286;17,172;0;0
2005-03-08;17,0003;17,172;16,8286;17,0003;0;0
2005-03-07;16,8286;17,172;16,8286;17,0003;0;0
2005-03-04;17,172;17,3437;16,8286;16,8286;0;0
2005-03-03;17,0003;17,172;17,0003;17,172;0;0
2005-03-02;17,3437;17,3437;16,8286;17,0003;0;0
2005-03-01;17,172;17,3437;16,8286;17,3437;0;0
2005-02-28;15,4548;17,3437;15,4548;17,3437;0;0
2005-02-25;19,7478;20,0912;15,4548;15,6265;0;0
2005-02-24;19,5761;19,9195;19,5761;19,7478;0;0
2005-02-23;19,5761;19,9195;19,5761;19,5761;0;0
2005-02-22;19,9195;20,0912;19,7478;19,9195;0;0
2005-02-21;20,263;20,4347;19,7478;19,7478;0;0
2005-02-18;20,0912;20,4347;20,0912;20,263;0;0
2005-02-17;20,0912;20,4347;20,0912;20,0912;0;0
2005-02-16;20,263;20,263;20,0912;20,263;0;0
2005-02-15;20,263;20,4347;20,0912;20,263;0;0
2005-02-14;20,263;20,6064;20,263;20,263;0;0
2005-02-11;20,263;20,4347;20,0912;20,263;0;0
2005-02-10;20,263;20,4347;20,263;20,263;0;0
2005-02-09;20,263;20,4347;20,263;20,4347;0;0
2005-02-08;20,4347;20,4347;20,263;20,263;0;0
2005-02-07;20,4347;20,6064;20,263;20,263;0;0
2005-02-04;20,4347;20,6064;20,263;20,6064;0;0
2005-02-03;20,263;20,4347;20,263;20,263;0;0
2005-02-02;20,0912;20,4347;20,0912;20,263;0;0
2005-02-01;20,4347;20,4347;20,0912;20,263;0;0
2005-01-31;19,7478;20,6064;19,5761;20,4347;0;0
2005-01-28;19,7478;19,9195;19,7478;19,7478;0;0
2005-01-27;19,9195;20,0912;19,5761;19,9195;0;0
2005-01-26;20,0912;20,0912;19,5761;20,0912;0;0
2005-01-25;19,7478;20,0912;19,7478;19,9195;0;0
2005-01-24;19,7478;19,9195;19,5761;19,9195;0;0
2005-01-21;20,0912;20,0912;19,5761;19,7478;0;0
2005-01-20;20,0912;20,0912;19,5761;19,9195;0;0
2005-01-19;20,263;20,4347;19,9195;20,0912;0;0
2005-01-18;20,263;20,4347;20,263;20,263;0;0
2005-01-17;20,4347;20,6064;20,263;20,4347;0;0
2005-01-14;20,263;20,7781;20,0912;20,7781;0;0
2005-01-13;20,6064;20,6064;20,263;20,6064;0;0
2005-01-12;20,6064;20,7781;20,6064;20,6064;0;0
2005-01-11;20,6064;20,9498;20,6064;20,6064;0;0
2005-01-10;21,2933;21,465;20,6064;20,6064;0;0
2005-01-07;21,6367;21,6367;21,1216;21,465;0;0
2005-01-06;20,4347;21,6367;20,4347;21,6367;0;0
2005-01-05;19,5761;20,7781;19,4044;20,6064;0;0
2005-01-04;19,5761;19,7478;19,4044;19,7478;0;0
2005-01-03;19,5761;19,9195;19,4044;19,4044;0;0
2004-12-31; ; ; ;19,5761;0;0
2004-12-30;19,2326;19,5761;19,0609;19,5761;0;0
2004-12-29;19,0609;19,4044;19,0609;19,4044;0;0
2004-12-28;19,0609;19,2326;18,8892;19,0609;0;0
2004-12-27;19,7478;19,7478;19,0609;19,0609;0;0
2004-12-24; ; ; ;19,5761;0;0
2004-12-23; ; ; ;19,5761;0;0
2004-12-22;19,4044;19,4044;19,2326;19,4044;0;0
2004-12-21;19,2326;19,4044;19,0609;19,4044;0;0
2004-12-20;19,2326;19,4044;19,0609;19,4044;0;0
2004-12-17;19,9195;20,0912;19,2326;19,5761;0;0
2004-12-16;19,0609;19,9195;18,2023;19,9195;0;0
2004-12-15;19,0609;19,2326;18,8892;19,0609;0;0
2004-12-14;19,7478;19,7478;18,8892;19,2326;0;0
2004-12-13;20,4347;20,4347;19,5761;19,9195;0;0
2004-12-10;20,263;20,4347;20,0912;20,4347;0;0
2004-12-09;20,4347;20,6064;20,263;20,263;0;0
2004-12-08;21,2933;21,6367;20,0912;20,4347;0;0
2004-12-07;21,9802;21,9802;21,2933;21,465;0;0
2004-12-06;22,1519;22,3236;21,8084;21,8084;0;0
2004-12-03;21,465;22,3236;21,1216;22,1519;0;0
2004-12-02;22,4953;22,4953;20,7781;21,465;0;0
2004-12-01;22,3236;22,667;22,1519;22,3236;0;0
2004-11-30; ; ; ;22,1519;0;0
2004-11-29; ; ; ;22,3236;0;0
2004-11-26;20,9498;21,465;20,7781;21,465;0;0
2004-11-25;20,9498;21,1216;20,7781;20,9498;0;0
2004-11-24;21,465;21,6367;20,7781;21,2933;0;0
2004-11-23;21,465;21,8084;21,2933;21,465;0;0
2004-11-22;21,8084;21,9802;21,1216;21,6367;0;0
2004-11-19;21,9802;21,9802;21,6367;21,9802;0;0
2004-11-18;21,8084;22,1519;21,8084;21,8084;0;0
2004-11-17;21,9802;22,1519;21,8084;21,9802;0;0
2004-11-16;22,1519;22,3236;21,6367;21,9802;0;0
2004-11-15;22,3236;22,3236;21,9802;21,9802;0;0
2004-11-12;21,9802;22,4953;21,9802;22,1519;0;0
2004-11-11;21,9802;22,1519;21,8084;21,9802;0;0
2004-11-10;21,8084;22,1519;21,8084;22,1519;0;0
2004-11-09;22,3236;22,4953;21,8084;21,8084;0;0
2004-11-08;21,6367;22,3236;21,6367;22,1519;0;0
2004-11-05;21,8084;21,9802;20,7781;21,9802;0;0
2004-11-04;21,6367;21,6367;21,2933;21,6367;0;0
2004-11-03;21,8084;21,9802;21,465;21,6367;0;0
2004-11-02;20,9498;21,9802;20,6064;21,9802;0;0
2004-11-01;21,1216;21,1216;20,7781;20,9498;0;0
2004-10-29;21,1216;21,2933;20,7781;20,9498;0;0
2004-10-28;21,2933;21,2933;21,1216;21,1216;0;0
2004-10-27;21,1216;21,2933;20,9498;21,1216;0;0
2004-10-26;21,1216;21,1216;20,9498;20,9498;0;0
2004-10-25;21,465;21,465;20,9498;20,9498;0;0
2004-10-22;20,7781;21,6367;20,6064;21,6367;0;0
2004-10-21;20,6064;20,9498;20,6064;20,7781;0;0
2004-10-20;20,9498;20,9498;20,6064;20,7781;0;0
2004-10-19;20,6064;20,9498;20,6064;20,7781;0;0
2004-10-18;20,7781;20,9498;20,6064;20,7781;0;0
2004-10-15;20,7781;20,9498;20,6064;20,7781;0;0
2004-10-14;20,6064;20,9498;20,263;20,7781;0;0
2004-10-13;19,9195;20,7781;19,9195;20,6064;0;0
2004-10-12;20,9498;20,9498;19,9195;19,9195;0;0
2004-10-11;21,465;21,465;21,1216;21,2933;0;0
2004-10-08;20,4347;22,1519;20,263;21,465;0;0
2004-10-07;19,0609;20,4347;19,0609;20,4347;0;0
2004-10-06;19,2326;19,4044;19,0609;19,0609;0;0
2004-10-05;19,2326;19,4044;19,0609;19,2326;0;0
2004-10-04;19,4044;19,5761;18,8892;19,4044;0;0
2004-10-01;18,5458;19,2326;18,5458;19,0609;0;0
2004-09-30;18,2023;18,5458;18,0306;18,5458;0;0
2004-09-29;17,6872;18,374;17,6872;18,374;0;0
2004-09-28;17,172;17,8589;17,172;17,8589;0;0
2004-09-27;17,6872;17,6872;17,0003;17,3437;0;0
2004-09-24;17,0003;17,6872;17,0003;17,6872;0;0
2004-09-23;17,0003;17,3437;16,6568;17,3437;0;0
2004-09-22;17,0003;17,3437;16,8286;17,0003;0;0
2004-09-21;16,4851;17,5154;16,4851;17,3437;0;0
2004-09-20;16,8286;16,8286;16,4851;16,6568;0;0
2004-09-17;16,6568;16,8286;16,6568;16,8286;0;0
2004-09-16;16,6568;16,8286;16,4851;16,8286;0;0
2004-09-15;16,6568;16,8286;16,4851;16,8286;0;0
2004-09-14;16,8286;17,0003;16,4851;16,8286;0;0
2004-09-13;17,0003;17,172;16,8286;17,0003;0;0
2004-09-10;17,0003;17,3437;16,8286;17,3437;0;0
2004-09-09;17,172;17,3437;16,8286;17,0003;0;0
2004-09-08;17,172;17,172;17,0003;17,172;0;0
2004-09-07;17,0003;17,172;16,8286;17,0003;0;0
2004-09-06;17,172;17,5154;17,0003;17,172;0;0
2004-09-03;17,172;17,3437;17,0003;17,3437;0;0
2004-09-02;17,0003;17,3437;16,8286;17,172;0;0
2004-09-01;17,172;17,3437;16,8286;17,0003;0;0
2004-08-31;17,5154;17,5154;17,0003;17,172;0;0
2004-08-30;18,0306;18,2023;17,6872;17,6872;0;0
2004-08-27;18,5458;18,5458;17,8589;18,2023;0;0
2004-08-26;18,5458;18,5458;18,0306;18,5458;0;0
2004-08-25;18,374;18,5458;18,0306;18,374;0;0
2004-08-24;18,7175;18,7175;18,374;18,374;0;0
2004-08-23;18,7175;19,2326;18,7175;19,0609;0;0
2004-08-20;17,8589;19,5761;17,6872;18,8892;0;0
2004-08-19;17,6872;17,8589;17,5154;17,8589;0;0
2004-08-18;17,5154;17,6872;17,3437;17,6872;0;0
2004-08-17;17,3437;17,8589;17,172;17,6872;0;0
2004-08-16;17,0003;17,5154;17,0003;17,5154;0;0
2004-08-13;16,8286;17,3437;16,8286;17,3437;0;0
2004-08-12;17,3437;17,6872;16,8286;17,172;0;0
2004-08-11;17,172;17,5154;16,8286;17,3437;0;0
2004-08-10;17,0003;17,0003;16,4851;16,8286;0;0
2004-08-09;18,0306;18,7175;15,7982;16,8286;0;0
2004-08-06;18,8892;18,8892;17,8589;18,374;0;0
2004-08-05;19,5761;19,5761;18,8892;19,0609;0;0
2004-08-04;19,7478;19,7478;19,2326;19,5761;0;0
2004-08-03;19,7478;19,9195;19,4044;19,7478;0;0
2004-08-02;19,7478;20,0912;19,4044;19,5761;0;0
2004-07-30;19,2326;19,7478;19,0609;19,7478;0;0
2004-07-29;19,0609;19,2326;18,8892;19,2326;0;0
2004-07-28;19,0609;19,2326;18,8892;19,2326;0;0
2004-07-27;19,2326;19,2326;19,0609;19,2326;0;0
2004-07-26;19,2326;19,4044;18,8892;19,2326;0;0
2004-07-23;19,2326;19,5761;19,2326;19,2326;0;0
2004-07-22;19,4044;19,4044;19,2326;19,2326;0;0
2004-07-21;19,2326;19,5761;19,0609;19,4044;0;0
2004-07-20;18,7175;19,2326;18,7175;18,8892;0;0
2004-07-19;18,8892;19,0609;18,7175;18,8892;0;0
2004-07-16;18,8892;19,0609;18,8892;18,8892;0;0
2004-07-15;18,8892;19,0609;18,7175;19,0609;0;0
2004-07-14;18,7175;18,8892;18,5458;18,7175;0;0
2004-07-13;19,0609;19,2326;18,5458;18,7175;0;0
2004-07-12;18,5458;19,2326;18,5458;19,2326;0;0
2004-07-09;18,8892;18,8892;18,5458;18,5458;0;0
2004-07-08;18,8892;19,0609;18,7175;18,8892;0;0
2004-07-07;19,0609;19,0609;18,8892;19,0609;0;0
2004-07-06;19,0609;19,2326;18,8892;19,0609;0;0
2004-07-05;19,4044;19,4044;19,0609;19,2326;0;0
2004-07-02;19,4044;19,4044;18,7175;19,4044;0;0
2004-07-01;19,7478;19,7478;19,4044;19,4044;0;0
2004-06-30;19,5761;19,9195;19,4044;19,7478;0;0
2004-06-29;19,7478;19,7478;19,2326;19,5761;0;0
2004-06-28;19,7478;19,7478;19,4044;19,5761;0;0
2004-06-25;19,9195;19,9195;19,5761;19,5761;0;0
2004-06-24;19,9195;19,9195;19,4044;19,7478;0;0
2004-06-23;19,5761;19,9195;19,5761;19,7478;0;0
2004-06-22;19,5761;19,7478;19,5761;19,5761;0;0
2004-06-21;19,4044;20,0912;19,4044;19,7478;0;0
2004-06-18;19,7461;19,7461;19,2361;19,7478;0;0
2004-06-17;20,6064;20,6064;19,9195;19,9195;0;0
2004-06-16;20,6064;20,6064;20,263;20,4347;0;0
2004-06-15;20,4347;20,7781;20,263;20,6064;0;0
2004-06-14;20,263;20,7781;20,263;20,6064;0;0
2004-06-11;20,7781;20,9498;20,263;20,4347;0;0
2004-06-10;21,2933;21,2933;20,7781;21,1216;0;0
2004-06-09;21,465;21,6367;21,1216;21,2933;0;0
2004-06-08;20,9498;21,6367;20,9498;21,2933;0;0
2004-06-07;20,7781;21,2933;20,7781;21,1216;0;0
2004-06-04;20,6064;20,9498;20,4347;20,6064;0;0
2004-06-03;20,263;20,9498;20,0912;20,6064;0;0
2004-06-02;20,0912;20,263;19,9195;20,263;0;0
2004-06-01;19,7478;20,0912;19,7478;20,0912;0;0
2004-05-31;19,9195;20,0912;19,7478;20,0912;0;0
2004-05-28;19,9195;20,0912;19,7478;19,7478;0;0
2004-05-27;20,263;20,263;19,4044;20,0912;0;0
2004-05-26;20,263;20,263;19,9195;19,9195;0;0
2004-05-25;20,4347;20,4347;19,9195;20,0912;0;0
2004-05-24;20,4347;20,9498;20,263;20,263;0;0
2004-05-21;20,0912;20,6064;20,0912;20,0912;0;0
2004-05-20;20,4347;20,4347;19,9195;19,9195;0;0
2004-05-19;19,9195;20,6064;19,7478;20,6064;0;0
2004-05-18;19,0609;19,9195;18,8892;19,7478;0;0
2004-05-17;19,2326;19,2326;18,7175;18,8892;0;0
2004-05-14;19,7478;19,7478;18,8892;19,4044;0;0
2004-05-13;19,7478;20,263;19,2326;19,4044;0;0
2004-05-12;18,7175;20,263;18,7175;19,5761;0;0
2004-05-11;18,7175;18,7175;18,5458;18,5458;0;0
2004-05-10;18,7175;19,0609;18,5458;18,5458;0;0
2004-05-07;18,5458;19,4044;18,5458;19,0609;0;0
2004-05-06;19,4044;19,7478;18,8892;18,8892;0;0
2004-05-05;19,0609;19,4044;18,8892;19,4044;0;0
2004-05-04;19,0609;19,5761;18,8892;19,0609;0;0
2004-05-03;19,7478;20,0912;18,7175;19,4044;0;0
2004-04-30;19,9195;20,263;19,7478;20,263;0;0
2004-04-29;20,4347;20,6064;19,4044;19,9195;0;0
2004-04-28;21,2933;21,2933;20,7781;20,7781;0;0
2004-04-27;21,2933;21,6367;21,2933;21,2933;0;0
2004-04-26;21,9802;21,9802;21,2933;21,6367;0;0
2004-04-23;21,8084;22,1519;21,6367;21,9802;0;0
2004-04-22;21,6367;21,9802;20,7781;21,9802;0;0
2004-04-21;22,667;22,667;21,2933;21,8084;0;0
2004-04-20;22,1519;22,8388;22,1519;22,667;0;0
2004-04-19;22,3236;22,3236;21,9802;22,3236;0;0
2004-04-16;22,3236;22,3236;21,9802;22,3236;0;0
2004-04-15;22,1519;22,3236;21,9802;21,9802;0;0
2004-04-14;22,3236;22,3236;21,9802;22,3236;0;0
2004-04-13;22,3236;22,3236;22,1519;22,1519;0;0
2004-04-12; ; ; ;22,3236;0;0
2004-04-09; ; ; ;22,3236;0;0
2004-04-08;22,3236;22,3236;21,9802;22,3236;0;0
2004-04-07;21,8084;22,4953;21,6367;22,3236;0;0
2004-04-06;21,8084;21,8084;21,6367;21,6367;0;0
2004-04-05;21,465;21,8084;21,2933;21,6367;0;0
2004-04-02;21,465;21,8084;21,2933;21,6367;0;0
2004-04-01;21,6367;21,6367;21,2933;21,465;0;0
2004-03-31;21,465;21,6367;21,2933;21,6367;0;0
2004-03-30;21,2933;21,6367;21,2933;21,6367;0;0
2004-03-29;21,6367;21,8084;21,465;21,465;0;0
2004-03-26;22,3236;22,3236;21,465;21,8084;0;0
2004-03-25;22,3236;22,4953;21,6367;21,9802;0;0
2004-03-24;21,465;22,4953;21,465;21,9802;0;0
2004-03-23;20,9498;21,465;20,6064;21,2933;0;0
2004-03-22;21,1216;21,2933;20,9498;20,9498;0;0
2004-03-19;21,465;21,8084;20,7781;20,7781;0;0
2004-03-18;21,465;21,635;21,295;21,465;0;0
2004-03-17;20,7781;21,6367;20,6064;21,465;0;0
2004-03-16;21,2933;21,6367;20,263;20,7781;0;0
2004-03-15;21,9802;22,1519;21,2933;21,2933;0;0
2004-03-12;21,465;21,8084;21,1216;21,6367;0;0
2004-03-11;21,8084;21,9802;21,1216;21,8084;0;0
2004-03-10;22,3236;22,4953;21,8084;21,9802;0;0
2004-03-09;22,3236;23,1822;21,8084;22,3236;0;0
2004-03-08;22,4953;22,667;21,465;22,1519;0;0
2004-03-05;23,1822;23,1822;22,1519;22,3236;0;0
2004-03-04;22,8388;23,3539;22,8388;23,1822;0;0
2004-03-03;23,1822;23,3539;22,8388;22,8388;0;0
2004-03-02;22,3236;23,3539;22,1519;23,3539;0;0
2004-03-01;22,8388;23,0105;21,8084;22,4953;0;0
2004-02-27;22,8388;23,0105;22,1519;23,0105;0;0
2004-02-26;23,1822;23,5257;22,667;22,667;0;0
2004-02-25;23,8691;24,0408;22,4953;22,8388;0;0
2004-02-24;25,5863;25,5863;23,0105;23,6974;0;0
2004-02-23;24,0408;25,4146;23,8691;24,8994;0;0
2004-02-20;23,1822;24,0408;22,8388;23,3539;0;0
2004-02-19;22,1519;23,8691;22,1519;22,8388;0;0
2004-02-18; ; ; ;22,1519;0;0
2004-02-17; ; ; ;22,8388;0;0
2004-02-16; ; ; ;19,2326;0;0
2004-02-13; ; ; ;19,2326;0;0
2004-02-12; ; ; ;19,4044;0;0
2004-02-11; ; ; ;19,2326;0;0
2004-02-10; ; ; ;19,2326;0;0
2004-02-09; ; ; ;19,4044;0;0
2004-02-06; ; ; ;19,4044;0;0
2004-02-05; ; ; ;19,0609;0;0
2004-02-04; ; ; ;19,0609;0;0
2004-02-03; ; ; ;19,0609;0;0
2004-02-02; ; ; ;19,7478;0;0
2004-01-30; ; ; ;18,374;0;0
2004-01-29; ; ; ;19,4044;0;0
2004-01-28; ; ; ;19,9195;0;0
2004-01-27; ; ; ;17,8589;0;0
2004-01-26; ; ; ;17,3437;0;0
2004-01-23; ; ; ;17,172;0;0
2004-01-22; ; ; ;17,5154;0;0
2004-01-21; ; ; ;17,5154;0;0
2004-01-20; ; ; ;17,3437;0;0
2004-01-19; ; ; ;17,3437;0;0
2004-01-16; ; ; ;17,172;0;0
2004-01-15; ; ; ;17,172;0;0
2004-01-14; ; ; ;16,3134;0;0
2004-01-13; ; ; ;17,172;0;0
2004-01-12; ; ; ;17,5154;0;0
2004-01-09; ; ; ;17,6872;0;0
2004-01-08; ; ; ;17,6872;0;0
2004-01-07; ; ; ;17,5154;0;0
2004-01-06; ; ; ;17,6872;0;0
2004-01-05; ; ; ;17,5154;0;0
2004-01-02; ; ; ;18,0306;0;0
2004-01-01; ; ; ;18,0306;0;0
2003-12-31; ; ; ;18,0306;0;0
2003-12-30; ; ; ;18,0306;0;0
2003-12-29; ; ; ;18,0306;0;0
2003-12-26; ; ; ;17,6872;0;0
2003-12-25; ; ; ;17,6872;0;0
2003-12-24; ; ; ;17,6872;0;0
2003-12-23; ; ; ;17,6872;0;0
2003-12-22; ; ; ;17,5154;0;0
2003-12-19; ; ; ;17,6872;0;0
2003-12-18; ; ; ;17,8589;0;0
2003-12-17; ; ; ;17,5154;0;0
2003-12-16; ; ; ;17,8589;0;0
2003-12-15; ; ; ;18,374;0;0
2003-12-12; ; ; ;18,7175;0;0
2003-12-11; ; ; ;19,0609;0;0
2003-12-10; ; ; ;19,0609;0;0
2003-12-09; ; ; ;19,7478;0;0
2003-12-08; ; ; ;19,5761;0;0
2003-12-05; ; ; ;20,263;0;0
2003-12-04; ; ; ;20,6064;0;0
2003-12-03; ; ; ;20,7781;0;0
2003-12-02; ; ; ;20,6064;0;0
2003-12-01; ; ; ;20,263;0;0
2003-11-28; ; ; ;21,1216;0;0
2003-11-27; ; ; ;21,465;0;0
2003-11-26; ; ; ;20,6064;0;0
2003-11-25; ; ; ;20,9498;0;0
2003-11-24; ; ; ;19,0609;0;0
2003-11-21; ; ; ;17,0003;0;0
2003-11-20; ; ; ;21,9802;0;0
2003-11-19; ; ; ;21,465;0;0
2003-11-18; ; ; ;23,1822;0;0
2003-11-17; ; ; ;21,2933;0;0
2003-11-14; ; ; ;19,7478;0;0
2003-11-13; ; ; ;18,8892;0;0
2003-11-12; ; ; ;18,0306;0;0
2003-11-11; ; ; ;19,0609;0;0
2003-11-10; ; ; ;21,8084;0;0
2003-11-07; ; ; ;23,6974;0;0
2003-11-06; ; ; ;23,6974;0;0
2003-11-05; ; ; ;25,758;0;0
2003-11-04; ; ; ;29,0207;0;0
2003-11-03; ; ; ;30,2227;0;0
2003-10-31; ; ; ;30,7379;0;0
2003-10-30; ; ; ;30,3945;0;0
2003-10-29; ; ; ;30,5662;0;0
2003-10-28; ; ; ;28,849;0;0
2003-10-27; ; ; ;28,6773;0;0
2003-10-24; ; ; ;28,849;0;0
2003-10-23; ; ; ;28,6773;0;0
2003-10-22; ; ; ;29,1924;0;0
2003-10-21; ; ; ;29,8793;0;0
2003-10-20; ; ; ;30,5662;0;0
2003-10-17; ; ; ;31,0813;0;0
2003-10-16; ; ; ;32,9703;0;0
2003-10-15; ; ; ;31,5965;0;0
2003-10-14; ; ; ;31,0813;0;0
2003-10-13; ; ; ;32,2834;0;0
2003-10-10; ; ; ;31,9399;0;0
2003-10-09; ; ; ;29,5359;0;0
2003-10-08; ; ; ;29,1924;0;0
2003-10-07; ; ; ;29,0207;0;0
2003-10-06; ; ; ;29,1924;0;0
2003-10-03; ; ; ;30,5662;0;0
2003-10-02; ; ; ;29,7076;0;0
2003-10-01; ; ; ;28,5055;0;0
2003-09-30; ; ; ;29,3641;0;0
2003-09-29; ; ; ;30,5662;0;0
2003-09-26; ; ; ;29,0207;0;0
2003-09-25; ; ; ;29,3641;0;0
2003-09-24; ; ; ;29,5359;0;0
2003-09-23; ; ; ;29,8793;0;0
2003-09-22; ; ; ;30,2227;0;0
2003-09-19; ; ; ;31,0813;0;0
2003-09-18; ; ; ;29,8793;0;0
2003-09-17; ; ; ;30,2227;0;0
2003-09-16; ; ; ;29,1924;0;0
2003-09-15; ; ; ;29,7076;0;0
2003-09-12; ; ; ;30,3945;0;0
2003-09-11; ; ; ;31,2531;0;0
2003-09-10; ; ; ;31,0813;0;0
2003-09-09; ; ; ;31,0813;0;0
2003-09-08; ; ; ;32,7985;0;0
2003-09-05; ; ; ;31,9399;0;0
2003-09-04; ; ; ;32,4551;0;0
2003-09-03; ; ; ;33,4854;0;0
2003-09-02; ; ; ;33,142;0;0
2003-09-01; ; ; ;35,2026;0;0
2003-08-29; ; ; ;37,2633;0;0
2003-08-28; ; ; ;37,0915;0;0
2003-08-27; ; ; ;37,435;0;0
2003-08-26; ; ; ;38,1219;0;0
2003-08-25; ; ; ;38,2936;0;0
2003-08-22; ; ; ;39,4956;0;0
2003-08-21; ; ; ;39,3239;0;0
2003-08-20; ; ; ;39,8391;0;0
2003-08-19; ; ; ;39,3239;0;0
2003-08-18; ; ; ;40,8694;0;0
2003-08-15; ; ; ;41,3845;0;0
2003-08-14; ; ; ;39,6673;0;0
2003-08-13; ; ; ;38,1219;0;0
2003-08-12; ; ; ;37,9501;0;0
2003-08-11; ; ; ;37,435;0;0
2003-08-08; ; ; ;37,7784;0;0
2003-08-07; ; ; ;36,9198;0;0
2003-08-06; ; ; ;37,435;0;0
2003-08-05; ; ; ;38,9805;0;0
2003-08-04; ; ; ;39,3239;0;0
2003-08-01; ; ; ;36,7481;0;0
2003-07-31; ; ; ;36,7481;0;0
2003-07-30; ; ; ;36,0612;0;0
2003-07-29; ; ; ;37,0915;0;0
2003-07-28; ; ; ;37,0915;0;0
2003-07-25; ; ; ;36,4047;0;0
2003-07-24; ; ; ;36,7481;0;0
2003-07-23; ; ; ;36,4047;0;0
2003-07-22; ; ; ;36,7481;0;0
2003-07-21; ; ; ;37,0915;0;0
2003-07-18; ; ; ;38,1219;0;0
2003-07-17; ; ; ;35,2026;0;0
2003-07-16; ; ; ;35,3743;0;0
2003-07-15; ; ; ;36,2329;0;0
2003-07-14; ; ; ;37,0915;0;0
2003-07-11; ; ; ;36,0612;0;0
2003-07-10; ; ; ;35,5461;0;0
2003-07-09; ; ; ;35,2026;0;0
2003-07-08; ; ; ;37,2633;0;0
2003-07-07; ; ; ;37,6067;0;0
2003-07-04; ; ; ;35,5461;0;0
2003-07-03; ; ; ;36,4047;0;0
2003-07-02; ; ; ;34,0006;0;0
2003-07-01; ; ; ;32,2834;0;0
2003-06-30; ; ; ;33,8289;0;0
2003-06-27; ; ; ;33,4854;0;0
2003-06-26; ; ; ;34,5157;0;0
2003-06-25; ; ; ;34,6875;0;0
2003-06-24; ; ; ;34,0006;0;0
2003-06-23; ; ; ;33,8289;0;0
2003-06-20; ; ; ;34,1723;0;0
2003-06-19; ; ; ;35,0309;0;0
2003-06-18; ; ; ;36,5764;0;0
2003-06-17; ; ; ;37,7784;0;0
2003-06-16; ; ; ;38,4653;0;0
2003-06-13; ; ; ;38,1219;0;0
2003-06-12; ; ; ;40,5259;0;0
2003-06-11; ; ; ;41,3845;0;0
2003-06-10; ; ; ;34,344;0;0
2003-06-09; ; ; ;33,142;0;0
2003-06-06; ; ; ;32,6268;0;0
2003-06-05; ; ; ;31,7682;0;0
2003-06-04; ; ; ;33,4854;0;0
2003-06-03; ; ; ;34,5157;0;0
2003-06-02; ; ; ;32,7985;0;0
2003-05-30; ; ; ;32,2834;0;0
2003-05-29; ; ; ;32,1117;0;0
2003-05-28; ; ; ;33,3137;0;0
2003-05-27; ; ; ;33,142;0;0
2003-05-26; ; ; ;36,0612;0;0
2003-05-23; ; ; ;37,7784;0;0
2003-05-22; ; ; ;37,435;0;0
2003-05-21; ; ; ;36,9198;0;0
2003-05-20; ; ; ;37,6067;0;0
2003-05-19; ; ; ;38,4653;0;0
2003-05-16; ; ; ;39,4956;0;0
2003-05-15; ; ; ;39,4956;0;0
2003-05-14; ; ; ;40,1825;0;0
2003-05-13; ; ; ;41,2128;0;0
2003-05-12; ; ; ;42,4149;0;0
2003-05-09; ; ; ;41,3845;0;0
2003-05-08; ; ; ;39,4956;0;0
2003-05-07; ; ; ;41,3845;0;0
2003-05-06; ; ; ;41,0411;0;0
2003-05-05; ; ; ;41,728;0;0
2003-05-02; ; ; ;41,2128;0;0
2003-05-01; ; ; ;41,8997;0;0
2003-04-30; ; ; ;41,8997;0;0
2003-04-29; ; ; ;44,6472;0;0
2003-04-28; ; ; ;46,1927;0;0
2003-04-25; ; ; ;36,0612;0;0
2003-04-24; ; ; ;34,8592;0;0
2003-04-23; ; ; ;36,2329;0;0
2003-04-22; ; ; ;33,8289;0;0
2003-04-21; ; ; ;33,8289;0;0
2003-04-18; ; ; ;33,8289;0;0
2003-04-17; ; ; ;33,8289;0;0
2003-04-16; ; ; ;31,7682;0;0
2003-04-15; ; ; ;30,3945;0;0
2003-04-14; ; ; ;30,9096;0;0
2003-04-11; ; ; ;30,7379;0;0
2003-04-10; ; ; ;31,0813;0;0
2003-04-09; ; ; ;31,7682;0;0
2003-04-08; ; ; ;30,7379;0;0
2003-04-07; ; ; ;30,9096;0;0
2003-04-04; ; ; ;28,5055;0;0
2003-04-03; ; ; ;29,0207;0;0
2003-04-02; ; ; ;29,1924;0;0
2003-04-01; ; ; ;28,1621;0;0
2003-03-31; ; ; ;28,3338;0;0
2003-03-28; ; ; ;29,1924;0;0
2003-03-27; ; ; ;30,5662;0;0
2003-03-26; ; ; ;30,051;0;0
2003-03-25; ; ; ;30,3945;0;0
2003-03-24; ; ; ;30,5662;0;0
2003-03-21; ; ; ;31,9399;0;0
2003-03-20; ; ; ;31,2531;0;0
2003-03-19; ; ; ;30,5662;0;0
2003-03-18; ; ; ;31,4248;0;0
2003-03-17; ; ; ;31,2531;0;0
2003-03-14; ; ; ;29,1924;0;0
2003-03-13; ; ; ;30,7379;0;0
2003-03-12; ; ; ;30,7379;0;0
2003-03-11; ; ; ;30,3945;0;0
2003-03-10; ; ; ;30,5662;0;0
2003-03-07; ; ; ;32,6268;0;0
2003-03-06; ; ; ;33,4854;0;0
2003-03-05; ; ; ;33,4854;0;0
2003-03-04; ; ; ;34,1723;0;0
2003-03-03; ; ; ;35,5461;0;0
2003-02-28; ; ; ;34,0006;0;0
2003-02-27; ; ; ;33,6571;0;0
2003-02-26; ; ; ;34,6875;0;0
2003-02-25; ; ; ;35,2026;0;0
2003-02-24; ; ; ;36,0612;0;0
2003-02-21; ; ; ;37,7784;0;0
2003-02-20; ; ; ;36,7481;0;0
2003-02-19; ; ; ;36,9198;0;0
2003-02-18; ; ; ;37,7784;0;0
2003-02-17; ; ; ;36,9198;0;0
2003-02-14; ; ; ;36,5764;0;0
2003-02-13; ; ; ;35,3743;0;0
2003-02-12; ; ; ;35,3743;0;0
2003-02-11; ; ; ;35,2026;0;0
2003-02-10; ; ; ;32,2834;0;0
2003-02-07; ; ; ;33,8289;0;0
2003-02-06; ; ; ;34,5157;0;0
2003-02-05; ; ; ;36,7481;0;0
2003-02-04; ; ; ;35,2026;0;0
2003-02-03; ; ; ;36,9198;0;0
2003-01-31; ; ; ;35,8895;0;0
2003-01-30; ; ; ;35,0309;0;0
2003-01-29; ; ; ;34,5157;0;0
2003-01-28; ; ; ;34,8592;0;0
2003-01-27; ; ; ;35,2026;0;0
2003-01-24; ; ; ;36,0612;0;0
2003-01-23; ; ; ;36,0612;0;0
2003-01-22; ; ; ;36,0612;0;0
2003-01-21; ; ; ;38,8087;0;0
2003-01-20; ; ; ;39,4956;0;0
2003-01-17; ; ; ;39,6673;0;0
2003-01-16; ; ; ;42,0714;0;0
2003-01-15; ; ; ;40,0108;0;0
2003-01-14; ; ; ;39,4956;0;0
2003-01-13; ; ; ;39,3239;0;0
2003-01-10; ; ; ;39,8391;0;0
2003-01-09; ; ; ;38,9805;0;0
2003-01-08; ; ; ;39,3239;0;0
2003-01-07; ; ; ;41,728;0;0
2003-01-06; ; ; ;41,3845;0;0
2003-01-03; ; ; ;42,0714;0;0
2003-01-02; ; ; ;42,5866;0;0
2003-01-01; ; ; ;42,93;0;0
2002-12-31; ; ; ;42,93;0;0
2002-12-30; ; ; ;42,93;0;0
2002-12-27; ; ; ;37,6067;0;0
2002-12-26; ; ; ;39,1522;0;0
2002-12-25; ; ; ;39,1522;0;0
2002-12-24; ; ; ;39,1522;0;0
2002-12-23; ; ; ;39,1522;0;0
2002-12-20; ; ; ;40,5259;0;0
2002-12-19; ; ; ;38,9805;0;0
2002-12-18; ; ; ;41,2128;0;0
2002-12-17; ; ; ;38,637;0;0
2002-12-16; ; ; ;39,1522;0;0
2002-12-13; ; ; ;40,0108;0;0
2002-12-12; ; ; ;40,6977;0;0
2002-12-11; ; ; ;44,1321;0;0
2002-12-10; ; ; ;43,4452;0;0
2002-12-09; ; ; ;43,1017;0;0
2002-12-06; ; ; ;46,3644;0;0
2002-12-05; ; ; ;46,3644;0;0
2002-12-04; ; ; ;47,223;0;0
2002-12-03; ; ; ;48,2533;0;0
2002-12-02; ; ; ;48,5968;0;0
2002-11-29; ; ; ;46,8796;0;0
2002-11-28; ; ; ;45,5058;0;0
2002-11-27; ; ; ;43,7886;0;0
2002-11-26; ; ; ;42,93;0;0
2002-11-25; ; ; ;43,6169;0;0
2002-11-22; ; ; ;43,7886;0;0
2002-11-21; ; ; ;44,1321;0;0
2002-11-20; ; ; ;44,1321;0;0
2002-11-19; ; ; ;43,2735;0;0
2002-11-18; ; ; ;44,4755;0;0
2002-11-15; ; ; ;46,1927;0;0
2002-11-14; ; ; ;47,223;0;0
2002-11-13; ; ; ;45,8493;0;0
2002-11-12; ; ; ;47,9099;0;0
2002-11-11; ; ; ;47,223;0;0
2002-11-08; ; ; ;49,4554;0;0
2002-11-07; ; ; ;46,7079;0;0
2002-11-06; ; ; ;47,223;0;0
2002-11-05; ; ; ;49,1119;0;0
2002-11-04; ; ; ;48,5968;0;0
2002-11-01; ; ; ;48,5968;0;0
2002-10-31; ; ; ;47,5665;0;0
2002-10-30; ; ; ;44,6472;0;0
2002-10-29; ; ; ;41,8997;0;0
2002-10-28; ; ; ;43,2735;0;0
2002-10-25; ; ; ;38,9805;0;0
2002-10-24; ; ; ;39,4956;0;0
2002-10-23; ; ; ;37,7784;0;0
2002-10-22; ; ; ;42,7583;0;0
2002-10-21; ; ; ;48,5968;0;0
2002-10-18; ; ; ;47,7382;0;0
2002-10-17; ; ; ;44,3038;0;0
2002-10-16; ; ; ;40,6977;0;0
2002-10-15; ; ; ;37,435;0;0
2002-10-14; ; ; ;34,8592;0;0
2002-10-11; ; ; ;33,142;0;0
2002-10-10; ; ; ;31,7682;0;0
2002-10-09; ; ; ;30,051;0;0
2002-10-08; ; ; ;31,9399;0;0
2002-10-07; ; ; ;31,9399;0;0
2002-10-04; ; ; ;34,344;0;0
2002-10-03; ; ; ;34,344;0;0
2002-10-02; ; ; ;36,0612;0;0
2002-10-01; ; ; ;34,344;0;0
2002-09-30; ; ; ;33,4854;0;0
2002-09-27; ; ; ;40,1825;0;0
2002-09-26; ; ; ;42,2431;0;0
2002-09-25; ; ; ;36,4047;0;0
2002-09-24; ; ; ;27,6469;0;0
2002-09-23; ; ; ;33,4854;0;0
2002-09-20; ; ; ;37,6067;0;0
2002-09-19; ; ; ;37,9501;0;0
2002-09-18; ; ; ;41,2128;0;0
2002-09-17; ; ; ;43,7886;0;0
2002-09-16; ; ; ;44,3038;0;0
2002-09-13; ; ; ;49,1119;0;0
2002-09-12; ; ; ;50,314;0;0
2002-09-11; ; ; ;52,3746;0;0
2002-09-10; ; ; ;53,0615;0;0
2002-09-09; ; ; ;52,3746;0;0
2002-09-06; ; ; ;52,0312;0;0
2002-09-05; ; ; ;51,516;0;0
2002-09-04; ; ; ;53,4049;0;0
2002-09-03; ; ; ;54,7787;0;0
2002-09-02; ; ; ;52,0312;0;0
2002-08-30; ; ; ;54,4353;0;0
2002-08-29; ; ; ;54,2635;0;0
2002-08-28; ; ; ;54,4353;0;0
2002-08-27; ; ; ;55,2939;0;0
2002-08-26; ; ; ;52,8898;0;0
2002-08-23; ; ; ;57,0111;0;0
2002-08-22; ; ; ;56,6676;0;0
2002-08-21; ; ; ;54,2635;0;0
2002-08-20; ; ; ;55,6373;0;0
2002-08-19; ; ; ;54,0918;0;0
2002-08-16; ; ; ;53,7484;0;0
2002-08-15; ; ; ;53,4049;0;0
2002-08-14; ; ; ;55,4656;0;0
2002-08-13; ; ; ;55,4656;0;0
2002-08-12; ; ; ;57,0111;0;0
2002-08-09; ; ; ;57,5262;0;0
2002-08-08; ; ; ;59,0717;0;0
2002-08-07; ; ; ;54,2635;0;0
2002-08-06; ; ; ;54,9504;0;0
2002-08-05; ; ; ;52,3746;0;0
2002-08-02; ; ; ;57,0111;0;0
2002-08-01; ; ; ;57,3545;0;0
2002-07-31; ; ; ;56,4959;0;0
2002-07-30; ; ; ;53,9201;0;0
2002-07-29; ; ; ;51,516;0;0
2002-07-26; ; ; ;48,0816;0;0
2002-07-25; ; ; ;50,314;0;0
2002-07-24; ; ; ;55,809;0;0
2002-07-23; ; ; ;52,7181;0;0
2002-07-22; ; ; ;57,3545;0;0
2002-07-19; ; ; ;63,0213;0;0
2002-07-18; ; ; ;56,6676;0;0
2002-07-17; ; ; ;55,6373;0;0
2002-07-16; ; ; ;67,8294;0;0
2002-07-15; ; ; ;66,1122;0;0
2002-07-12; ; ; ;67,486;0;0
2002-07-11; ; ; ;74,3548;0;0
2002-07-10; ; ; ;74,5265;0;0
2002-07-09; ; ; ;79,163;0;0
2002-07-08; ; ; ;82,7691;0;0
2002-07-05; ; ; ;81,0519;0;0
2002-07-04; ; ; ;81,0519;0;0
2002-07-03; ; ; ;92,2137;0;0
2002-07-02; ; ; ;97,1936;0;0
2002-07-01; ; ; ;108,0119;0;0
2002-06-28; ; ; ;111,618;0;0
2002-06-27; ; ; ;107,325;0;0
2002-06-26; ; ; ;79,8498;0;0
2002-06-25; ; ; ;92,3854;0;0
2002-06-24; ; ; ;105,6078;0;0
2002-06-21; ; ; ;123,9819;0;0
2002-06-20; ; ; ;122,6081;0;0
2002-06-19; ; ; ;121,5778;0;0
2002-06-18; ; ; ;122,7799;0;0
2002-06-17; ; ; ;151,9723;0;0
2002-06-14; ; ; ;156,6087;0;0
2002-06-13; ; ; ;160,0431;0;0
2002-06-12; ; ; ;160,0431;0;0
2002-06-11; ; ; ;160,2148;0;0
2002-06-10; ; ; ;163,1341;0;0
2002-06-07; ; ; ;161,4169;0;0
2002-06-06; ; ; ;163,1341;0;0
2002-06-05; ; ; ;163,3058;0;0
2002-06-04; ; ; ;163,1341;0;0
2002-06-03; ; ; ;165,7099;0;0
2002-05-31; ; ; ;166,9119;0;0
2002-05-30; ; ; ;163,1341;0;0
2002-05-29; ; ; ;163,6492;0;0
2002-05-28; ; ; ;163,6492;0;0
2002-05-27; ; ; ;164,8513;0;0
2002-05-24; ; ; ;170,0029;0;0
2002-05-23; ; ; ;167,2554;0;0
2002-05-22; ; ; ;166,5685;0;0
2002-05-21; ; ; ;168,6291;0;0
2002-05-20; ; ; ;171,5484;0;0
2002-05-17; ; ; ;168,2857;0;0
2002-05-16; ; ; ;166,225;0;0
2002-05-15; ; ; ;167,4271;0;0
2002-05-14; ; ; ;163,1341;0;0
2002-05-13; ; ; ;167,9422;0;0
2002-05-10; ; ; ;172,2352;0;0
2002-05-09; ; ; ;172,5787;0;0
2002-05-08; ; ; ;172,5787;0;0
2002-05-07; ; ; ;171,7201;0;0
2002-05-06; ; ; ;172,2352;0;0
2002-05-03; ; ; ;175,1545;0;0
2002-05-02; ; ; ;176,5282;0;0
2002-05-01; ; ; ;176,8717;0;0
2002-04-30; ; ; ;176,8717;0;0
2002-04-29; ; ; ;176,8717;0;0
2002-04-26; ; ; ;177,7303;0;0
2002-04-25; ; ; ;174,9828;0;0
2002-04-24; ; ; ;180,1344;0;0
2002-04-23; ; ; ;183,5688;0;0
2002-04-22; ; ; ;179,104;0;0
2002-04-19; ; ; ;178,9323;0;0
2002-04-18; ; ; ;182,8819;0;0
2002-04-17; ; ; ;185,8011;0;0
2002-04-16; ; ; ;184,5991;0;0
2002-04-15; ; ; ;183,9122;0;0
2002-04-12; ; ; ;185,4577;0;0
2002-04-11; ; ; ;187,8618;0;0
2002-04-10; ; ; ;177,7303;0;0
2002-04-09; ; ; ;176,8717;0;0
2002-04-08; ; ; ;175,4979;0;0
2002-04-05; ; ; ;179,2758;0;0
2002-04-04; ; ; ;176,8717;0;0
2002-04-03; ; ; ;178,5889;0;0
2002-04-02; ; ; ;179,4475;0;0
2002-04-01; ; ; ;182,0233;0;0
2002-03-29; ; ; ;182,0233;0;0
2002-03-28; ; ; ;182,0233;0;0
2002-03-27; ; ; ;182,5384;0;0
2002-03-26; ; ; ;181,6798;0;0
2002-03-25; ; ; ;182,0233;0;0
2002-03-22; ; ; ;182,5384;0;0
2002-03-21; ; ; ;184,5991;0;0
2002-03-20; ; ; ;185,286;0;0
2002-03-19; ; ; ;186,488;0;0
2002-03-18; ; ; ;187,1749;0;0
2002-03-15; ; ; ;189,579;0;0
2002-03-14; ; ; ;186,3163;0;0
2002-03-13; ; ; ;188,5486;0;0
2002-03-12; ; ; ;191,4679;0;0
2002-03-11; ; ; ;194,0437;0;0
2002-03-08; ; ; ;187,3466;0;0
2002-03-07; ; ; ;188,2052;0;0
2002-03-06; ; ; ;187,69;0;0
2002-03-05; ; ; ;187,1749;0;0
2002-03-04; ; ; ;187,1749;0;0
2002-03-01; ; ; ;183,7405;0;0
2002-02-28; ; ; ;179,4475;0;0
2002-02-27; ; ; ;179,2758;0;0
2002-02-26; ; ; ;179,4475;0;0
2002-02-25; ; ; ;179,4475;0;0
2002-02-22; ; ; ;182,0233;0;0
2002-02-21; ; ; ;186,1446;0;0
2002-02-20; ; ; ;186,1446;0;0
2002-02-19; ; ; ;185,1142;0;0
2002-02-18; ; ; ;188,5486;0;0
2002-02-15; ; ; ;193,1851;0;0
2002-02-14; ; ; ;193,1851;0;0
2002-02-13; ; ; ;197,4781;0;0
2002-02-12; ; ; ;193,0134;0;0
2002-02-11; ; ; ;194,0437;0;0
2002-02-08; ; ; ;193,0134;0;0
2002-02-07; ; ; ;193,7002;0;0
2002-02-06; ; ; ;194,9023;0;0
2002-02-05; ; ; ;194,3871;0;0
2002-02-04; ; ; ;193,1851;0;0
2002-02-01; ; ; ;195,7609;0;0
2002-01-31; ; ; ;197,3064;0;0
2002-01-30; ; ; ;193,872;0;0
2002-01-29; ; ; ;194,3871;0;0
2002-01-28; ; ; ;195,074;0;0
2002-01-25; ; ; ;198,3367;0;0
2002-01-24; ; ; ;203,4883;0;0
2002-01-23; ; ; ;199,1953;0;0
2002-01-22; ; ; ;201,4276;0;0
2002-01-21; ; ; ;200,9125;0;0
2002-01-18; ; ; ;201,7711;0;0
2002-01-17; ; ; ;199,5387;0;0
2002-01-16; ; ; ;198,3367;0;0
2002-01-15; ; ; ;205,3772;0;0
2002-01-14; ; ; ;207,7813;0;0
2002-01-11; ; ; ;207,7813;0;0
2002-01-10; ; ; ;208,2965;0;0
2002-01-09; ; ; ;211,2157;0;0
2002-01-08; ; ; ;211,2157;0;0
2002-01-07; ; ; ;211,2157;0;0
2002-01-04; ; ; ;214,4784;0;0
2002-01-03; ; ; ;216,539;0;0
2002-01-02; ; ; ;212,9329;0;0
2002-01-01; ; ; ;209,4985;0;0
2001-12-31; ; ; ;209,4985;0;0
2001-12-28; ; ; ;209,4985;0;0
2001-12-27; ; ; ;206,0641;0;0
2001-12-26; ; ; ;209,3268;0;0
2001-12-25; ; ; ;209,3268;0;0
2001-12-24; ; ; ;209,3268;0;0
2001-12-21; ; ; ;209,3268;0;0
2001-12-20; ; ; ;208,9833;0;0
2001-12-19; ; ; ;206,2358;0;0
2001-12-18; ; ; ;207,0944;0;0
2001-12-17; ; ; ;206,5792;0;0
2001-12-14; ; ; ;204,1752;0;0
2001-12-13; ; ; ;207,7813;0;0
2001-12-12; ; ; ;207,7813;0;0
2001-12-11; ; ; ;211,3874;0;0
2001-12-10; ; ; ;213,7915;0;0
2001-12-07; ; ; ;216,3673;0;0
2001-12-06; ; ; ;219,4583;0;0
2001-12-05; ; ; ;219,8017;0;0
2001-12-04; ; ; ;218,0845;0;0
2001-12-03; ; ; ;220,6603;0;0
2001-11-30; ; ; ;220,832;0;0
2001-11-29; ; ; ;215,1653;0;0
2001-11-28; ; ; ;213,9632;0;0
2001-11-27; ; ; ;226,6705;0;0
2001-11-26; ; ; ;225,8119;0;0
2001-11-23; ; ; ;229,2463;0;0
2001-11-22; ; ; ;230,9635;0;0
2001-11-21; ; ; ;231,4787;0;0
2001-11-20; ; ; ;235,0848;0;0
2001-11-19; ; ; ;228,5594;0;0
2001-11-16; ; ; ;227,7008;0;0
2001-11-15; ; ; ;224,9533;0;0
2001-11-14; ; ; ;229,2463;0;0
2001-11-13; ; ; ;226,4988;0;0
2001-11-12; ; ; ;226,6705;0;0
2001-11-09; ; ; ;231,8221;0;0
2001-11-08; ; ; ;221,5189;0;0
2001-11-07; ; ; ;226,6705;0;0
2001-11-06; ; ; ;223,0644;0;0
2001-11-05; ; ; ;221,5189;0;0
2001-11-02; ; ; ;223,7513;0;0
2001-11-01; ; ; ;220,6603;0;0
2001-10-31; ; ; ;224,9533;0;0
2001-10-30; ; ; ;217,5693;0;0
2001-10-29; ; ; ;219,8017;0;0
2001-10-26; ; ; ;224,9533;0;0
2001-10-25; ; ; ;216,3673;0;0
2001-10-24; ; ; ;214,6501;0;0
2001-10-23; ; ; ;213,7915;0;0
2001-10-22; ; ; ;216,0239;0;0
2001-10-19; ; ; ;219,1148;0;0
2001-10-18; ; ; ;216,1956;0;0
2001-10-17; ; ; ;210,5288;0;0
2001-10-16; ; ; ;200,9125;0;0
2001-10-15; ; ; ;200,9125;0;0
2001-10-12; ; ; ;200,9125;0;0
2001-10-11; ; ; ;201,7711;0;0
2001-10-10; ; ; ;201,7711;0;0
2001-10-09; ; ; ;201,7711;0;0
2001-10-08; ; ; ;201,7711;0;0
2001-10-05; ; ; ;209,3268;0;0
2001-10-04; ; ; ;202,1145;0;0
2001-10-03; ; ; ;195,7609;0;0
2001-10-02; ; ; ;201,7711;0;0
2001-10-01; ; ; ;197,4781;0;0
2001-09-28; ; ; ;207,7813;0;0
2001-09-27; ; ; ;200,0539;0;0
2001-09-26; ; ; ;175,6696;0;0
2001-09-25; ; ; ;175,6696;0;0
2001-09-24; ; ; ;178,5889;0;0
2001-09-21; ; ; ;171,7201;0;0
2001-09-20; ; ; ;176,8717;0;0
2001-09-19; ; ; ;190,6093;0;0
2001-09-18; ; ; ;192,4982;0;0
2001-09-17; ; ; ;197,8215;0;0
2001-09-14; ; ; ;197,8215;0;0
2001-09-13; ; ; ;205,8924;0;0
2001-09-12; ; ; ;205,8924;0;0
2001-09-11; ; ; ;204,3469;0;0
2001-09-10; ; ; ;210,3571;0;0
2001-09-07; ; ; ;218,9431;0;0
2001-09-06; ; ; ;229,2463;0;0
2001-09-05; ; ; ;230,1049;0;0
2001-09-04; ; ; ;238,1757;0;0
2001-09-03; ; ; ;229,9332;0;0
2001-08-31; ; ; ;230,9635;0;0
2001-08-30; ; ; ;233,5393;0;0
2001-08-29; ; ; ;240,4081;0;0
2001-08-28; ; ; ;245,5597;0;0
2001-08-27; ; ; ;248,9941;0;0
2001-08-24; ; ; ;243,4991;0;0
2001-08-23; ; ; ;244,0142;0;0
2001-08-22; ; ; ;234,9131;0;0
2001-08-21; ; ; ;228,3877;0;0
2001-08-20; ; ; ;234,3979;0;0
2001-08-17; ; ; ;224,0947;0;0
2001-08-16; ; ; ;234,3979;0;0
2001-08-15; ; ; ;238,6909;0;0
2001-08-14; ; ; ;241,2667;0;0
2001-08-13; ; ; ;233,5393;0;0
2001-08-10; ; ; ;218,5997;0;0
2001-08-09; ; ; ;210,3571;0;0
2001-08-08; ; ; ;212,9329;0;0
2001-08-07; ; ; ;214,4784;0;0
2001-08-06; ; ; ;210,3571;0;0
2001-08-03; ; ; ;203,66;0;0
2001-08-02; ; ; ;207,6096;0;0
2001-08-01; ; ; ;212,9329;0;0
2001-07-31; ; ; ;210,1854;0;0
2001-07-30; ; ; ;207,2661;0;0
2001-07-27; ; ; ;202,458;0;0
2001-07-26; ; ; ;194,9023;0;0
2001-07-25; ; ; ;193,872;0;0
2001-07-24; ; ; ;193,1851;0;0
2001-07-23; ; ; ;194,9023;0;0
2001-07-20; ; ; ;193,872;0;0
2001-07-19; ; ; ;203,3166;0;0
2001-07-18; ; ; ;205,8924;0;0
2001-07-17; ; ; ;204,6903;0;0
2001-07-16; ; ; ;209,4985;0;0
2001-07-13; ; ; ;200,9125;0;0
2001-07-12; ; ; ;191,4679;0;0
2001-07-11; ; ; ;192,3265;0;0
2001-07-10; ; ; ;192,3265;0;0
2001-07-09; ; ; ;188,8921;0;0
2001-07-06; ; ; ;196,6195;0;0
2001-07-05; ; ; ;202,6297;0;0
2001-07-04; ; ; ;206,4075;0;0
2001-07-03; ; ; ;204,3469;0;0
2001-07-02; ; ; ;207,7813;0;0
2001-06-29; ; ; ;217,2259;0;0
2001-06-28; ; ; ;214,6501;0;0
2001-06-27; ; ; ;224,9533;0;0
2001-06-26; ; ; ;231,8221;0;0
2001-06-25; ; ; ;229,7615;0;0
2001-06-22; ; ; ;238,8626;0;0
2001-06-21; ; ; ;242,1253;0;0
2001-06-20; ; ; ;234,3979;0;0
2001-06-19; ; ; ;236,8449;0;0
2001-06-18; ; ; ;235,4282;0;0
2001-06-15; ; ; ;236,7161;0;0
2001-06-14; ; ; ;234,3979;0;0
2001-06-13; ; ; ;235,0419;0;0
2001-06-12; ; ; ;237,6177;0;0
2001-06-11; ; ; ;231,8221;0;0
2001-06-08; ; ; ;244,1859;0;0
2001-06-07; ; ; ;240,8374;0;0
2001-06-06; ; ; ;246,2466;0;0
2001-06-05; ; ; ;249,8527;0;0
2001-06-04; ; ; ;246,633;0;0
2001-06-01; ; ; ;242,1253;0;0
2001-05-31; ; ; ;244,5723;0;0
2001-05-30; ; ; ;245,3451;0;0
2001-05-29; ; ; ;246,5042;0;0
2001-05-28; ; ; ;243,9284;0;0
2001-05-25; ; ; ;242,1253;0;0
2001-05-24; ; ; ;242,1253;0;0
2001-05-23; ; ; ;240,8374;0;0
2001-05-22; ; ; ;247,2769;0;0
2001-05-21; ; ; ;248,5648;0;0
2001-05-18; ; ; ;236,9737;0;0
2001-05-17; ; ; ;236,3298;0;0
2001-05-16; ; ; ;236,3298;0;0
2001-05-15; ; ; ;235,6858;0;0
2001-05-14; ; ; ;236,9737;0;0
2001-05-11; ; ; ;236,9737;0;0
2001-05-10; ; ; ;237,6177;0;0
2001-05-09; ; ; ;239,5495;0;0
2001-05-08; ; ; ;239,0343;0;0
2001-05-07; ; ; ;240,8374;0;0
2001-05-04; ; ; ;242,1253;0;0
2001-05-03; ; ; ;242,7693;0;0
2001-05-02; ; ; ;244,9587;0;0
2001-05-01; ; ; ;243,4132;0;0
2001-04-30; ; ; ;243,4132;0;0
2001-04-27; ; ; ;243,4132;0;0
2001-04-26; ; ; ;242,6405;0;0
2001-04-25; ; ; ;242,7693;0;0
2001-04-24; ; ; ;240,9662;0;0
2001-04-23; ; ; ;243,1556;0;0
2001-04-20; ; ; ;243,1556;0;0
2001-04-19; ; ; ;236,3298;0;0
2001-04-18; ; ; ;244,5723;0;0
2001-04-17; ; ; ;245,989;0;0
2001-04-16; ; ; ;245,7314;0;0
2001-04-13; ; ; ;245,7314;0;0
2001-04-12; ; ; ;245,7314;0;0
2001-04-11; ; ; ;244,7011;0;0
2001-04-10; ; ; ;244,0572;0;0
2001-04-09; ; ; ;245,3451;0;0
2001-04-06; ; ; ;244,7011;0;0
2001-04-05; ; ; ;249,2088;0;0
2001-04-04; ; ; ;245,989;0;0
2001-04-03; ; ; ;250,4967;0;0
2001-04-02; ; ; ;249,8527;0;0
2001-03-30; ; ; ;270,3303;0;0
2001-03-29; ; ; ;245,989;0;0
2001-03-28; ; ; ;248,9512;0;0
2001-03-27; ; ; ;247,2769;0;0
2001-03-26; ; ; ;241,4814;0;0
2001-03-23; ; ; ;234,9131;0;0
2001-03-22; ; ; ;238,2616;0;0
2001-03-21; ; ; ;245,4738;0;0
2001-03-20; ; ; ;249,2088;0;0
2001-03-19; ; ; ;246,1178;0;0
2001-03-16; ; ; ;256,8074;0;0
2001-03-15; ; ; ;252,4285;0;0
2001-03-14; ; ; ;243,4132;0;0
2001-03-13; ; ; ;255,0043;0;0
2001-03-12; ; ; ;262,0878;0;0
2001-03-09; ; ; ;263,3757;0;0
2001-03-08; ; ; ;262,0878;0;0
2001-03-07; ; ; ;260,7999;0;0
2001-03-06; ; ; ;257,9665;0;0
2001-03-05; ; ; ;258,868;0;0
2001-03-02; ; ; ;256,2922;0;0
2001-03-01; ; ; ;250,4967;0;0
2001-02-28; ; ; ;242,1253;0;0
2001-02-27; ; ; ;251,7846;0;0
2001-02-26; ; ; ;270,4591;0;0
2001-02-23; ; ; ;272,391;0;0
2001-02-22; ; ; ;280,7623;0;0
2001-02-21; ; ; ;270,4591;0;0
2001-02-20; ; ; ;268,7848;0;0
2001-02-19; ; ; ;276,8986;0;0
2001-02-16; ; ; ;266,4666;0;0
2001-02-15; ; ; ;280,2472;0;0
2001-02-14; ; ; ;288,4897;0;0
2001-02-13; ; ; ;296,2171;0;0
2001-02-12; ; ; ;295,3156;0;0
2001-02-09; ; ; ;285,9139;0;0
2001-02-08; ; ; ;288,4897;0;0
2001-02-07; ; ; ;281,4063;0;0
2001-02-06; ; ; ;271,1031;0;0
2001-02-05; ; ; ;280,6335;0;0
2001-02-02; ; ; ;291,0655;0;0
2001-02-01; ; ; ;277,8002;0;0
2001-01-31; ; ; ;276,8986;0;0
2001-01-30; ; ; ;254,7467;0;0
2001-01-29; ; ; ;246,633;0;0
2001-01-26; ; ; ;236,3298;0;0
2001-01-25; ; ; ;237,6177;0;0
2001-01-24; ; ; ;231,8221;0;0
2001-01-23; ; ; ;211,2157;0;0
2001-01-22; ; ; ;212,5036;0;0
2001-01-19; ; ; ;208,6399;0;0
2001-01-18; ; ; ;210,3142;0;0
2001-01-17; ; ; ;211,2157;0;0
2001-01-16; ; ; ;207,6096;0;0
2001-01-15; ; ; ;216,3673;0;0
2001-01-12; ; ; ;213,7915;0;0
2001-01-11; ; ; ;208,2535;0;0
2001-01-10; ; ; ;197,0488;0;0
2001-01-09; ; ; ;198,3367;0;0
2001-01-08; ; ; ;197,0488;0;0
2001-01-05; ; ; ;196,6624;0;0
2001-01-04; ; ; ;203,7459;0;0
2001-01-03; ; ; ;198,9806;0;0
2001-01-02; ; ; ;204,7762;0;0
2001-01-01; ; ; ;203,4883;0;0
2000-12-29; ; ; ;203,4883;0;0
2000-12-28; ; ; ;196,4048;0;0
2000-12-27; ; ; ;186,7456;0;0
2000-12-26; ; ; ;195,7609;0;0
2000-12-25; ; ; ;195,7609;0;0
2000-12-22; ; ; ;195,7609;0;0
2000-12-21; ; ; ;200,9125;0;0
2000-12-20; ; ; ;206,0641;0;0
2000-12-19; ; ; ;209,9278;0;0
2000-12-18; ; ; ;214,4354;0;0
2000-12-15; ; ; ;211,2157;0;0
2000-12-14; ; ; ;216,3673;0;0
2000-12-13; ; ; ;217,6552;0;0
2000-12-12; ; ; ;216,3673;0;0
2000-12-11; ; ; ;216,2385;0;0
2000-12-08; ; ; ;209,2838;0;0
2000-12-07; ; ; ;212,5036;0;0
2000-12-06; ; ; ;219,3295;0;0
2000-12-05; ; ; ;220,8749;0;0
2000-12-04; ; ; ;221,0037;0;0
2000-12-01; ; ; ;227,9584;0;0
2000-11-30; ; ; ;222,8068;0;0
2000-11-29; ; ; ;240,8374;0;0
2000-11-28; ; ; ;236,9737;0;0
2000-11-27; ; ; ;245,7314;0;0
2000-11-24; ; ; ;241,4814;0;0
2000-11-23; ; ; ;229,2463;0;0
2000-11-22; ; ; ;218,2991;0;0
2000-11-21; ; ; ;257,5801;0;0
2000-11-20; ; ; ;287,2018;0;0
2000-11-17; ; ; ;293,5125;0;0
2000-11-16; ; ; ;293,6413;0;0
2000-11-15; ; ; ;291,7095;0;0
2000-11-14; ; ; ;294,9292;0;0
2000-11-13; ; ; ;296,2171;0;0
2000-11-10; ; ; ;303,9445;0;0
2000-11-09; ; ; ;309,0961;0;0
2000-11-08; ; ; ;315,5356;0;0
2000-11-07; ; ; ;313,6038;0;0
2000-11-06; ; ; ;311,6719;0;0
2000-11-03; ; ; ;301,3687;0;0
2000-11-02; ; ; ;302,6566;0;0
2000-11-01; ; ; ;297,505;0;0
2000-10-31; ; ; ;296,8611;0;0
2000-10-30; ; ; ;302,6566;0;0
2000-10-27; ; ; ;305,2324;0;0
2000-10-26; ; ; ;307,1643;0;0
2000-10-25; ; ; ;305,2324;0;0
2000-10-24; ; ; ;321,8463;0;0
2000-10-23; ; ; ;299,4369;0;0
2000-10-20; ; ; ;304,5885;0;0
2000-10-19; ; ; ;312,9598;0;0
2000-10-18; ; ; ;311,028;0;0
2000-10-17; ; ; ;315,5356;0;0
2000-10-16; ; ; ;327,1267;0;0
2000-10-13; ; ; ;334,8541;0;0
2000-10-12; ; ; ;322,6191;0;0
2000-10-11; ; ; ;325,8388;0;0
2000-10-10; ; ; ;340,2633;0;0
2000-10-09; ; ; ;341,2936;0;0
2000-10-06; ; ; ;357,2636;0;0
2000-10-05; ; ; ;352,8848;0;0
2000-10-04; ; ; ;352,8848;0;0
2000-10-02; ; ; ;361,2561;0;0
2000-09-29; ; ; ;360,6122;0;0
2000-09-28; ; ; ;350,0514;0;0
2000-09-27; ; ; ;350,309;0;0
2000-09-26; ; ; ;353,0135;0;0
2000-09-25; ; ; ;352,8848;0;0
2000-09-22; ; ; ;355,4606;0;0
2000-09-21; ; ; ;350,309;0;0
2000-09-20; ; ; ;356,7485;0;0
2000-09-19; ; ; ;344,5134;0;0
2000-09-18; ; ; ;346,4452;0;0
2000-09-15; ; ; ;343,2255;0;0
2000-09-14; ; ; ;351,5969;0;0
2000-09-13; ; ; ;350,309;0;0
2000-09-12; ; ; ;349,0211;0;0
2000-09-11; ; ; ;351,3393;0;0
2000-09-08; ; ; ;354,8166;0;0
2000-09-07; ; ; ;350,9529;0;0
2000-09-06; ; ; ;354,1727;0;0
2000-09-05; ; ; ;350,309;0;0
2000-09-04; ; ; ;351,5969;0;0
2000-09-01; ; ; ;362,544;0;0
2000-08-31; ; ; ;358,0364;0;0
2000-08-30; ; ; ;370,9154;0;0
2000-08-29; ; ; ;370,9154;0;0
2000-08-28; ; ; ;375,2942;0;0
2000-08-25; ; ; ;373,4912;0;0
2000-08-24; ; ; ;376,067;0;0
2000-08-23; ; ; ;373,7487;0;0
2000-08-22; ; ; ;374,1351;0;0
2000-08-21; ; ; ;387,6581;0;0
2000-08-18; ; ; ;387,6581;0;0
2000-08-17; ; ; ;392,8097;0;0
2000-08-16; ; ; ;392,8097;0;0
2000-08-15; ; ; ;396,6734;0;0
2000-08-14; ; ; ;400,5371;0;0
2000-08-11; ; ; ;400,5371;0;0
2000-08-10; ; ; ;395,3855;0;0
2000-08-09; ; ; ;405,6887;0;0
2000-08-08; ; ; ;392,2945;0;0
2000-08-07; ; ; ;403,1129;0;0
2000-08-04; ; ; ;396,6734;0;0
2000-08-03; ; ; ;392,8097;0;0
2000-08-02; ; ; ;392,1657;0;0
2000-08-01; ; ; ;382,5065;0;0
2000-07-31; ; ; ;379,9307;0;0
2000-07-28; ; ; ;364,4759;0;0
2000-07-27; ; ; ;360,7409;0;0
2000-07-26; ; ; ;367,0517;0;0
2000-07-25; ; ; ;382,5065;0;0
2000-07-24; ; ; ;379,1579;0;0
2000-07-21; ; ; ;367,0517;0;0
2000-07-20; ; ; ;364,2252;0;0
2000-07-19; ; ; ;368,0795;0;0
2000-07-18; ; ; ;362,2981;0;0
2000-07-17; ; ; ;355,8744;0;0
2000-07-14; ; ; ;344,3117;0;0
2000-07-13; ; ; ;334,0337;0;0
2000-07-12; ; ; ;357,673;0;0
2000-07-11; ; ; ;357,673;0;0
2000-07-10; ; ; ;357,673;0;0
2000-07-07; ; ; ;366,7947;0;0
2000-07-06; ; ; ;307,0541;0;0
2000-07-05; ; ; ;307,0541;0;0
2000-07-04; ; ; ;307,0541;0;0
2000-07-03; ; ; ;308,3388;0;0
2000-06-30; ; ; ;315,9188;0;0
2000-06-29; ; ; ;307,0541;0;0
2000-06-28; ; ; ;340,4574;0;0
2000-06-27; ; ; ;336,4747;0;0
2000-06-26; ; ; ;340,4574;0;0
2000-06-23; ; ; ;340,4574;0;0
2000-06-22; ; ; ;340,4574;0;0
2000-06-21; ; ; ;344,3117;0;0
2000-06-20; ; ; ;339,1727;0;0
2000-06-19; ; ; ;346,8812;0;0
2000-06-16; ; ; ;346,8812;0;0
2000-06-15; ; ; ;339,3012;0;0
2000-06-14; ; ; ;341,7422;0;0
2000-06-13; ; ; ;346,8812;0;0
2000-06-12; ; ; ;363,5828;0;0
2000-06-09; ; ; ;363,5828;0;0
2000-06-08; ; ; ;360,371;0;0
2000-06-07; ; ; ;361,0134;0;0
2000-06-06; ; ; ;356,5167;0;0
2000-06-05; ; ; ;362,9405;0;0
2000-06-02; ; ; ;386,7083;0;0
2000-06-01; ; ; ;386,7083;0;0
2000-05-31; ; ; ;386,7083;0;0
2000-05-30; ; ; ;384,7811;0;0
2000-05-29; ; ; ;363,5828;0;0
2000-05-26; ; ; ;359,6001;0;0
2000-05-25; ; ; ;385,4235;0;0
2000-05-24; ; ; ;387,993;0;0
2000-05-23; ; ; ;405,9794;0;0
2000-05-22; ; ; ;404,6947;0;0
2000-05-19; ; ; ;404,6947;0;0
2000-05-18; ; ; ;411,1184;0;0
2000-05-17; ; ; ;400,8405;0;0
2000-05-16; ; ; ;402,1252;0;0
2000-05-15; ; ; ;409,7052;0;0
2000-05-12; ; ; ;385,4235;0;0
2000-05-11; ; ; ;398,9133;0;0
2000-05-10; ; ; ;396,8577;0;0
2000-05-09; ; ; ;404,6947;0;0
2000-05-08; ; ; ;424,0943;0;0
2000-05-05; ; ; ;424,0943;0;0
2000-05-04; ; ; ;426,4069;0;0
2000-05-03; ; ; ;424,0943;0;0
2000-05-02; ; ; ;411,7608;0;0
2000-05-01; ; ; ;438,7404;0;0
2000-04-28; ; ; ;438,7404;0;0
2000-04-27; ; ; ;394,8022;0;0
2000-04-26; ; ; ;400,8405;0;0
2000-04-25; ; ; ;413,6879;0;0
2000-04-24; ; ; ;427,8201;0;0
2000-04-21; ; ; ;427,8201;0;0
2000-04-20; ; ; ;427,8201;0;0
2000-04-19; ; ; ;436,9418;0;0
2000-04-18; ; ; ;384,1388;0;0
2000-04-17; ; ; ;380,2845;0;0
2000-04-14; ; ; ;394,4167;0;0
2000-04-13; ; ; ;382,854;0;0
2000-04-12; ; ; ;403,153;0;0
2000-04-11; ; ; ;409,5767;0;0
2000-04-10; ; ; ;422,6811;0;0
2000-04-07; ; ; ;436,8133;0;0
2000-04-06; ; ; ;436,5564;0;0
2000-04-05; ; ; ;439,8967;0;0
2000-04-04; ; ; ;423,9659;0;0
2000-04-03; ; ; ;436,8133;0;0
2000-03-31; ; ; ;472,7862;0;0
2000-03-30; ; ; ;444,2648;0;0
2000-03-29; ; ; ;456,8553;0;0
2000-03-28; ; ; ;456,8553;0;0
2000-03-27; ; ; ;456,8553;0;0
2000-03-24; ; ; ;473,4285;0;0
2000-03-23; ; ; ;478,5675;0;0
2000-03-22; ; ; ;495,9116;0;0
2000-03-21; ; ; ;493,0851;0;0
2000-03-20; ; ; ;487,6892;0;0
2000-03-17; ; ; ;482,4218;0;0
2000-03-16; ; ; ;488,2031;0;0
2000-03-15; ; ; ;486,6614;0;0
2000-03-14; ; ; ;477,7967;0;0
2000-03-13; ; ; ;459,9387;0;0
2000-03-10; ; ; ;468,9319;0;0
2000-03-09; ; ; ;461,2235;0;0
2000-03-08; ; ; ;441,9523;0;0
2000-03-07; ; ; ;449,5323;0;0
2000-03-06; ; ; ;449,6608;0;0
2000-03-03; ; ; ;467,6472;0;0
2000-03-02; ; ; ;457,3692;0;0
2000-03-01; ; ; ;461,2235;0;0
2000-02-29; ; ; ;449,6608;0;0
2000-02-28; ; ; ;462,1228;0;0
2000-02-25; ; ; ;443,3655;0;0
2000-02-24; ; ; ;422,6811;0;0
2000-02-23; ; ; ;430,3896;0;0
2000-02-22; ; ; ;453,515;0;0
2000-02-21; ; ; ;456,0845;0;0
2000-02-18; ; ; ;473,4285;0;0
2000-02-17; ; ; ;468,9319;0;0
2000-02-16; ; ; ;472,1438;0;0
2000-02-15; ; ; ;459,9387;0;0
2000-02-14; ; ; ;479,2099;0;0
2000-02-11; ; ; ;484,3489;0;0
2000-02-10; ; ; ;475,3557;0;0
2000-02-09; ; ; ;453,3865;0;0
2000-02-08; ; ; ;478,4391;0;0
2000-02-07; ; ; ;463,793;0;0
2000-02-04; ; ; ;479,2099;0;0
2000-02-03; ; ; ;479,8523;0;0
2000-02-02; ; ; ;482,4218;0;0
2000-02-01; ; ; ;475,3557;0;0
2000-01-31; ; ; ;485,6336;0;0
2000-01-28; ; ; ;486,9184;0;0
2000-01-27; ; ; ;479,2099;0;0
2000-01-26; ; ; ;456,7269;0;0
2000-01-25; ; ; ;455,3136;0;0
2000-01-24; ; ; ;462,6367;0;0
2000-01-21; ; ; ;497,1963;0;0
2000-01-20; ; ; ;466,3625;0;0
2000-01-19; ; ; ;495,9116;0;0
2000-01-18; ; ; ;496,554;0;0
2000-01-17; ; ; ;500,4082;0;0
2000-01-14; ; ; ;498,4811;0;0
2000-01-13; ; ; ;498,995;0;0
2000-01-12; ; ; ;497,8387;0;0
2000-01-11; ; ; ;497,1963;0;0
2000-01-10; ; ; ;501,0506;0;0
2000-01-07; ; ; ;504,2624;0;0
2000-01-06; ; ; ;501,0506;0;0
2000-01-05; ; ; ;494,6268;0;0
2000-01-04; ; ; ;495,9116;0;0
2000-01-03; ; ; ;502,3353;0;0





